4.304127666104035077e-02 7.672241829062452425e-05 7.672241829062452425e-05 7.672241829062452425e-05 7.672241829062452425e-05 7.672241829062452425e-05 4.534294920975909249e-02 7.672241829062452425e-05 7.672241829062452425e-05 7.672241829062452425e-05 2.846401718582169602e-02 1.719349393892895261e-01 3.905938315175694342e-01 3.200092066901948917e-01
1.526174773289364905e-01 1.742580379225061593e-01 3.194558944765044962e-03 1.030502885408079164e-04 2.164056059356966096e-03 1.556059356966199396e-02 1.040807914262159746e-02 1.030502885408079164e-04 1.556059356966199396e-02 1.030502885408079164e-04 1.083058532563890980e-01 1.876545754328111937e-01 3.195589447650453163e-01 1.040807914262159746e-02
1.159554730983302295e-04 4.940862708719851448e-01 1.159554730983302295e-04 7.073283858998143971e-03 1.159554730983302295e-04 1.275510204081632551e-03 8.360389610389608317e-02 1.159554730983302295e-04 3.490259740259740034e-02 8.232838589981446645e-03 1.275510204081632551e-03 2.749304267161409854e-01 9.403988868274580637e-02 1.159554730983302295e-04
6.204124432016776616e-03 4.902132121635791734e-02 8.738203425375742114e-05 8.738203425375742114e-05 8.738203425375742114e-05 8.738203425375742114e-05 8.738203425375742114e-05 3.295176511709192457e-01 9.612023767913317274e-04 8.738203425375742114e-05 8.738203425375742114e-05 4.903005941978328952e-01 1.232960503320517098e-01 8.738203425375742114e-05
8.838607035531202065e-05 1.344352130104295717e-01 8.838607035531202065e-05 8.838607035531202065e-05 8.838607035531202065e-05 4.013611454834718484e-01 2.069117907017854197e-01 8.838607035531202065e-05 8.838607035531202065e-05 8.838607035531202065e-05 8.838607035531202065e-05 1.627187555241293992e-01 9.377762064698604016e-02 8.838607035531202065e-05
8.330556481172945321e-05 4.774241919360214803e-01 8.330556481172945321e-05 9.163612129290239989e-04 8.330556481172945321e-05 8.330556481172945321e-05 5.173275574808398891e-02 8.330556481172945321e-05 8.330556481172945321e-05 3.549650116627792173e-01 8.330556481172945321e-05 1.050483172275908234e-01 9.246917694101968940e-03 8.330556481172945321e-05
3.362606886988675492e-02 4.633695400970649220e-02 1.155535012710885039e-04 1.271088513981973598e-03 1.155535012710885039e-04 5.095909406055003366e-02 4.518141899699560510e-02 1.155535012710885039e-04 2.207071874277790474e-02 1.803790154841691529e-01 2.322625375548879184e-02 2.878437716662814450e-01 3.086434018950774405e-01 1.155535012710885039e-04
3.409656545545047129e-02 8.296001327360212564e-05 8.296001327360212564e-05 8.296001327360212564e-05 8.296001327360212564e-05 8.296001327360212564e-05 3.908246225319396139e-01 8.296001327360212564e-05 8.296001327360212564e-05 8.296001327360212564e-05 7.723577235772356719e-02 4.090758254521320580e-01 8.802057408329183597e-02 8.296001327360212564e-05
1.736659299021155265e-03 6.964003789074831863e-01 1.578781180928323018e-04 1.578781180928323018e-04 1.578781180928323018e-04 5.383643826965581192e-02 1.578781180928323018e-04 1.578781180928323018e-04 1.578781180928323018e-04 1.578781180928323018e-04 1.578781180928323018e-04 1.580359962109250949e-01 8.856962425007891548e-02 1.578781180928323018e-04
9.648784253184097912e-05 1.061366267850250879e-03 4.342917792358162443e-01 9.648784253184097912e-05 9.648784253184097912e-05 9.648784253184097912e-05 9.745272095715937916e-03 9.648784253184097912e-05 9.648784253184097912e-05 9.648784253184097912e-05 3.483211115399459379e-02 1.120223851794673736e-01 4.043805480509455874e-01 2.991123118487070461e-03
1.263583522870861660e-04 2.653525398028809459e-03 5.333586050037907311e-01 1.263583522870861660e-04 8.971443012383116186e-03 1.263583522870861660e-04 1.263583522870861660e-04 1.263583522870861660e-04 1.781652767247914743e-02 1.263583522870861660e-04 1.389941875157947853e-03 8.857720495324739041e-02 3.387667424816780404e-01 7.707859489512255448e-03
8.677542519958347756e-05 7.644914960083303013e-02 1.483859770912877504e-02 9.545296771954183074e-04 8.677542519958347756e-05 3.557792433182921984e-03 7.028809441166261086e-03 8.677542519958347756e-05 9.632072197153765739e-03 5.224748351266921276e-01 8.677542519958347756e-05 9.380423464074973128e-02 2.708261020479000303e-01 8.677542519958347756e-05
1.019991840065279342e-04 1.744186046511627536e-02 1.019991840065279342e-04 4.784781721746225180e-01 1.019991840065279342e-04 2.662178702570379071e-02 4.181966544267644477e-03 1.019991840065279342e-04 3.161974704202365812e-03 8.261933904528761738e-03 1.019991840065279342e-04 2.510199918400652375e-01 2.092003263973887806e-01 1.121991024071807182e-03
1.183489827856024947e-02 4.606807511737089078e-02 9.780907668231612114e-05 2.063771517996870059e-02 1.800665101721439509e-01 9.780907668231612114e-05 1.281298904538341089e-02 1.075899843505477224e-03 9.780907668231612114e-05 1.075899843505477224e-03 5.966353677621282631e-03 1.771322378716744805e-01 5.380477308294209227e-01 4.988262910798121202e-03
1.463271875914544926e-04 1.463271875914544926e-04 1.463271875914544926e-04 1.463271875914544926e-04 1.801287679250804796e-01 1.463271875914544926e-04 1.463271875914544926e-04 1.463271875914544926e-04 1.463271875914544926e-04 1.463271875914544926e-04 1.463271875914544926e-04 1.259877085162423027e-01 6.922739244951712223e-01 1.463271875914544926e-04
1.072501072501072376e-04 5.469755469755467787e-03 5.749678249678248365e-01 1.072501072501072376e-04 1.072501072501072376e-04 1.072501072501072376e-04 1.072501072501072376e-04 1.072501072501072376e-04 2.262977262977262580e-02 7.089232089232086476e-02 1.619476619476619209e-02 9.126984126984123702e-02 2.178249678249677690e-01 1.072501072501072376e-04
1.094969644405897544e-02 2.504336513443191498e-02 1.084128360797918437e-04 1.420208152645273045e-02 1.084128360797918437e-04 1.084128360797918437e-04 7.697311361665220425e-03 1.192541196877710402e-03 1.084128360797918437e-04 1.084128360797918437e-04 2.635516045099739468e-01 2.060928013876842657e-01 4.706201214223764140e-01 1.084128360797918437e-04
2.133182844243791954e-01 1.192626034612490338e-01 1.254075746175068839e-04 3.887634813142713374e-03 1.254075746175068839e-04 1.379483320792575804e-03 1.254075746175068839e-04 1.379483320792575804e-03 2.646099824429395259e-02 1.254075746175068839e-04 6.395786305492850293e-03 2.785302232254827648e-01 3.487584650112866558e-01 1.254075746175068839e-04
1.635590448151782582e-04 1.324828263002943846e-02 4.466797513902518446e-01 1.635590448151782582e-04 1.635590448151782582e-04 1.635590448151782582e-04 3.434739941118743287e-03 1.635590448151782582e-04 1.635590448151782582e-04 1.635590448151782582e-04 4.596009159306509162e-02 8.194308145240430941e-02 4.074255806346090414e-01 1.635590448151782582e-04
1.085304970696765768e-04 1.075537225960494780e-01 1.085304970696765768e-04 1.281745170392880329e-01 1.085304970696765768e-04 2.615584979379205477e-02 2.660082483177772517e-01 1.085304970696765768e-04 1.085304970696765768e-04 9.670067288908180958e-02 1.085304970696765768e-04 2.117429997829389787e-01 1.292598220099847872e-01 3.375298458866941159e-02
8.543417366946777503e-02 1.273236567354214300e-04 7.766743060860706663e-03 5.220269926152277737e-03 2.445887445887445499e-01 1.400560224089635866e-03 5.220269926152277737e-03 1.273236567354214300e-04 9.039979628214921126e-03 1.273236567354214300e-04 2.673796791443850112e-03 1.936592818945759853e-01 4.406671759612935668e-01 3.947033358798064141e-03
1.419647927314026141e-04 1.419647927314026141e-04 1.419647927314026141e-04 1.419647927314026141e-04 1.419647927314026141e-04 1.419647927314026141e-04 2.143668370244179028e-02 1.419647927314026141e-04 1.419647927314026141e-04 1.561612720045428646e-03 6.900908574673479956e-01 1.719193639977285304e-01 1.137137989778534697e-01 1.419647927314026141e-04
6.944444444444444926e-03 4.201817558299040245e-01 8.573388203017834731e-05 8.573388203017834731e-05 8.573388203017834731e-05 8.573388203017834731e-05 1.269718792866941226e-01 8.573388203017834731e-05 9.430727023319617798e-04 8.573388203017834731e-05 1.637517146776406446e-02 2.178497942386831421e-01 1.826989026063100263e-01 2.752057613168724590e-02
1.143641354071363140e-04 2.231244281793229312e-01 1.143641354071363140e-04 6.976212259835314587e-03 1.143641354071363140e-04 1.258005489478499590e-03 1.282021957913997978e-01 1.143641354071363140e-04 1.143641354071363140e-04 2.059698078682524747e-01 1.143641354071363140e-04 2.825937785910337952e-01 1.396386093321134170e-01 1.155077767612076693e-02
1.035840066293764128e-04 3.532214626061735280e-02 2.807126579656100615e-02 1.978454526621089421e-02 1.035840066293764128e-04 1.035840066293764128e-04 4.360886679096746821e-02 2.663144810441267496e-01 1.035840066293764128e-04 5.707478765278639621e-02 1.035840066293764128e-04 1.554795939506939673e-01 3.937228091982597489e-01 1.035840066293764128e-04
1.207309114639982216e-02 1.316075701544485235e-02 1.087665869045029247e-04 6.210572112247116777e-02 1.087665869045029247e-04 1.087665869045029247e-04 3.177072003480530538e-01 1.882749619316945455e-01 1.087665869045029247e-04 2.284098324994561242e-03 4.035240374157058468e-02 2.448335871220360394e-01 9.582336306286705352e-02 2.294974983685011544e-02
1.002606777621816700e-04 3.519149789452576810e-02 1.002606777621816700e-04 1.002606777621816700e-04 1.002606777621816700e-04 8.121114898736713980e-03 1.002606777621816700e-04 7.329055544415478962e-02 1.073791858832965490e-01 3.218367756166031629e-02 1.002606777621816700e-04 2.637858431922999736e-01 4.763384800481251236e-01 3.108081010627631539e-03
1.173458502240239034e-03 1.270535523789204091e-01 4.171111585235758035e-02 1.066780456582035338e-04 2.240238958822274046e-03 1.066780456582035338e-04 9.707702154896521302e-03 9.398335822487730029e-02 2.570940900362705256e-02 1.066780456582035338e-04 4.277789630893961970e-02 9.825048005120544381e-02 5.569660763814806570e-01 1.066780456582035338e-04
9.230201218386560895e-05 3.147498615469817435e-02 2.861362377699833755e-03 9.230201218386560895e-05 9.230201218386560895e-05 9.230201218386560895e-05 2.899206202695218670e-01 9.230201218386560895e-05 9.230201218386560895e-05 2.224478493631161166e-02 9.230201218386560895e-05 1.533136422374007657e-01 2.077718294258814602e-01 2.917666605131991608e-01
4.812398042414355037e-02 1.786296900489396100e-01 9.062896501721949549e-05 9.062896501721949549e-05 9.062896501721949549e-05 9.062896501721949549e-05 1.940366141018669277e-01 9.062896501721949549e-05 1.459126336777234051e-02 9.062896501721949549e-05 2.002900126880551024e-02 1.976617727025557214e-01 3.136668479245967034e-01 3.271705637121623961e-02
1.417635384179188830e-04 6.735185710235326306e-01 1.417635384179188830e-04 1.417635384179188830e-04 1.417635384179188830e-04 1.417635384179188830e-04 5.826481428976465482e-02 1.417635384179188830e-04 1.417635384179188830e-04 1.417635384179188830e-04 1.417635384179188830e-04 1.362347604196200157e-01 1.305642188829032602e-01 1.417635384179188830e-04
1.009730126675234020e-03 9.179364787956673403e-05 1.927666605470901252e-03 3.763539563062235499e-03 9.179364787956673403e-05 9.179364787956673403e-05 6.261244721865246721e-01 9.179364787956673403e-05 9.179364787956673403e-05 3.772718927850192416e-02 9.179364787956673403e-05 1.139159170185422981e-01 1.763355975766476846e-01 3.864512575729759508e-02
1.230920728705071205e-04 1.230920728705071205e-04 1.230920728705071205e-04 1.230920728705071205e-04 3.263170851797144167e-01 1.230920728705071205e-04 2.584933530280649882e-03 1.230920728705071205e-04 1.230920728705071205e-04 1.230920728705071205e-04 1.354012801575578406e-03 9.613490891186605991e-02 5.725012309207286876e-01 1.230920728705071205e-04
1.186111710157429500e-03 4.000431313349148144e-02 1.078283372870390491e-04 1.736036230321328505e-02 1.078283372870390491e-04 1.078283372870390491e-04 3.676946301488031449e-02 2.275177916756523921e-02 5.941341384515851087e-02 7.558766443821435255e-02 1.078283372870390491e-04 2.653655380634030725e-01 4.734742290273884491e-01 7.655811947379771200e-03
8.893632159373887950e-05 9.080398434720739209e-02 8.893632159373887950e-05 5.425115617218071243e-03 8.893632159373887950e-05 1.948594806118818801e-01 9.782995375311276474e-04 8.893632159373887950e-05 8.893632159373887950e-05 1.503913198150124420e-01 8.893632159373887950e-05 3.006937033084311484e-01 2.562255425115617102e-01 8.893632159373887950e-05
1.110617503331852592e-04 1.110617503331852592e-04 1.677032430031097365e-02 1.110617503331852592e-04 1.110617503331852592e-04 1.110617503331852592e-04 3.442914260328742981e-03 1.145046645935139940e-01 1.110617503331852592e-04 1.110617503331852592e-04 1.110617503331852592e-04 1.555975122167925218e-01 7.075744113727232554e-01 1.221679253665037797e-03
1.128899835796387443e-03 4.372947454844006154e-01 1.026272577996715759e-04 7.091543513957304645e-02 1.026272577996715759e-04 3.807471264367815605e-02 4.731116584564859506e-02 1.128899835796387443e-03 1.139162561576354329e-02 3.181444991789818960e-03 2.883825944170771358e-02 2.053571428571428215e-01 1.550697865353037330e-01 1.026272577996715759e-04
1.491646778042958954e-04 7.847553699284007811e-01 1.640811455847254957e-03 1.491646778042958954e-04 1.491646778042958954e-04 1.491646778042958954e-04 1.506563245823388554e-02 1.491646778042958954e-04 1.491646778042958954e-04 1.491646778042958954e-04 1.640811455847254957e-03 1.657219570405727427e-01 2.998210023866347898e-02 1.491646778042958954e-04
2.266299137104506034e-01 2.289069990412272160e-02 1.198465963566634643e-04 1.198465963566634643e-04 1.318312559923298134e-03 1.569990412272291233e-02 5.165388302972195173e-02 1.198465963566634643e-04 1.198465963566634643e-04 1.198465963566634643e-04 1.929530201342281870e-02 2.146452540747842419e-01 4.471476510067113885e-01 1.198465963566634643e-04
1.088850174216028009e-04 1.088850174216028009e-04 1.208623693379790899e-02 2.286585365853658833e-03 8.819686411149826183e-03 1.099738675958188139e-02 3.386324041811846625e-02 3.375435540069686435e-03 4.148519163763066120e-02 2.406358885017421956e-02 3.712979094076655079e-02 1.797691637630662032e-01 4.519817073170732113e-01 1.939242160278745741e-01
1.348799568384137797e-04 5.004046398705151028e-02 1.348799568384137797e-04 5.530078230374964668e-03 1.348799568384137797e-04 1.348799568384137797e-04 5.275155111950362574e-01 1.348799568384137797e-04 1.348799568384137797e-04 4.181278661990826817e-03 1.348799568384137797e-04 2.739411923388183623e-01 9.859724844888045903e-02 3.925006743997840747e-02
1.393922497909116248e-04 1.548647895177028000e-01 1.393922497909116248e-04 2.398940618901588551e-01 1.393922497909116248e-04 1.393922497909116248e-04 9.771396710342902803e-02 1.533314747700027791e-03 1.393922497909116248e-04 1.393922497909116248e-04 1.533314747700027791e-03 1.534708670197936775e-01 3.332868692500696728e-01 1.686646222470030571e-02
9.996001599360255889e-05 2.099160335865653520e-03 9.996001599360255889e-05 2.808876449420231666e-02 1.099560175929628148e-03 9.996001599360255889e-05 6.307477009196321704e-02 1.540383846461415296e-01 4.098360655737704264e-03 1.099560175929628148e-03 9.996001599360255889e-05 3.139744102359056099e-01 4.179328268692522608e-01 1.409436225509795929e-02
1.202790473899446752e-04 1.214818378638441235e-02 1.202790473899446752e-04 1.202790473899446752e-04 2.310560500360837044e-01 1.202790473899446752e-04 1.202790473899446752e-04 1.323069521289391495e-03 7.337021890786625013e-03 1.202790473899446752e-04 1.202790473899446752e-04 1.757276882367091730e-01 5.714457541496271720e-01 1.202790473899446752e-04
1.001586671955573098e-02 9.916699722332407820e-05 1.686830622768742405e-01 9.916699722332407820e-05 1.090836969456564914e-03 2.152915509718365539e-01 8.835779452598173378e-02 9.024196747322490303e-03 3.074176913923046262e-03 7.040856802856008956e-03 7.040856802856008956e-03 1.220745735819119271e-01 3.650337167790559390e-01 3.074176913923046262e-03
1.151543067710732139e-04 7.405573468447718133e-01 1.151543067710732139e-04 1.151543067710732139e-04 1.151543067710732139e-04 1.151543067710732139e-04 1.151543067710732139e-04 1.151543067710732139e-04 1.151543067710732139e-04 1.151543067710732139e-04 1.266697374481805380e-03 3.581298940580376899e-02 2.212114233072316194e-01 1.151543067710732139e-04
8.338480543545398471e-03 9.367922585958411014e-03 2.892732139180564238e-02 8.338480543545398471e-03 2.275066913732757060e-02 1.029442042413012217e-04 1.029442042413012217e-04 1.339304097179328801e-01 1.029442042413012217e-04 1.029442042413012217e-04 2.275066913732757060e-02 9.378217006382540133e-02 6.712991558575253093e-01 1.029442042413012217e-04
1.174536058256988403e-04 9.525487432464174731e-02 2.466525722339675715e-03 1.174536058256988403e-04 1.174536058256988403e-04 2.478271082922245752e-02 1.174536058256988403e-04 1.174536058256988403e-04 1.739487902278599729e-01 1.068827813013859332e-02 2.948085506225040994e-02 1.939159032182287690e-01 4.687573408503640793e-01 1.174536058256988403e-04
1.295692466106058115e-02 1.553114810365540006e-02 1.665522567358846961e-01 8.580744808649392143e-05 9.438819289514331764e-04 4.986270808306161872e-01 1.896344602711515573e-02 8.580744808649392143e-05 1.982152050798009768e-02 1.107774154796636462e-01 6.950403295006007433e-03 7.645443624506607916e-02 6.529946799382187195e-02 6.950403295006007433e-03
3.346286701208980603e-03 1.079447322970638983e-04 1.079447322970638983e-04 1.079447322970638983e-04 1.187392055267702962e-03 1.522020725388600892e-02 2.277633851468048240e-02 1.079447322970638983e-04 1.187392055267702962e-03 3.595639032815198255e-01 1.522020725388600892e-02 1.771373056994818285e-01 4.038212435233160535e-01 1.079447322970638983e-04
5.201958384332924443e-03 1.019991840065279478e-04 1.019991840065279478e-04 2.163402692778457481e-01 2.662178702570379418e-02 6.221950224398203541e-03 1.132190942472460077e-02 1.019991840065279478e-04 1.019991840065279478e-04 1.121991024071807399e-03 1.438188494492043980e-02 1.837005303957568170e-01 5.345777233782129656e-01 1.019991840065279478e-04
1.185677021579321715e-04 2.289542328669670057e-01 1.185677021579321715e-04 1.185677021579321715e-04 1.185677021579321715e-04 3.178800094854161706e-01 1.304244723737253914e-03 2.489921745316575792e-03 1.185677021579321715e-04 1.185677021579321715e-04 1.185677021579321715e-04 1.400284562485178685e-01 3.060232392696229375e-01 2.489921745316575792e-03
1.178689297501178684e-04 6.011315417256009840e-03 3.901461574728901094e-02 1.178689297501178684e-04 1.178689297501178684e-04 1.178689297501178684e-04 4.372937293729372427e-02 1.178689297501178684e-04 1.178689297501178684e-04 1.178689297501178684e-04 3.101131541725600793e-01 2.016737388024516520e-01 3.985148514851484802e-01 1.178689297501178684e-04
1.175917215428033631e-04 1.175917215428033631e-04 1.175917215428033631e-04 1.175917215428033631e-04 3.670037629350892949e-01 1.175917215428033631e-04 1.175917215428033631e-04 1.175917215428033631e-04 1.293508936970837143e-03 1.175917215428033631e-04 1.293508936970837143e-03 4.597836312323611702e-02 5.833725305738475253e-01 1.175917215428033631e-04
5.428997232275919495e-03 1.150734511390248960e-01 1.064509261230572705e-04 1.033638492654885971e-01 3.523525654673195784e-02 1.170960187353629976e-03 2.204598680008515721e-01 3.299978709814774952e-03 1.064509261230572705e-04 3.204172876304023365e-02 2.991271024057908998e-02 1.661698956780923719e-01 2.641047477113050435e-01 2.352565467319565548e-02
9.838646202282565418e-05 1.250491932310114074e-01 9.838646202282565418e-05 1.879181424635970044e-02 9.838646202282565418e-05 1.850649350649350433e-01 3.256591892955529310e-02 5.017709563164107767e-03 9.838646202282565418e-05 1.288862652499015923e-02 9.838646202282565418e-05 1.811294765840220089e-01 4.389020070838252630e-01 9.838646202282565418e-05
1.146263182026593410e-04 1.146263182026593410e-04 1.146263182026593410e-04 9.284731774415405994e-03 3.553415864282439326e-03 1.146263182026593410e-04 1.146263182026593410e-04 1.146263182026593410e-04 1.789316827143512256e-01 1.146263182026593410e-04 1.260889500229252832e-03 1.777854195323246289e-01 6.282668500687758062e-01 1.146263182026593410e-04
5.594277329420395406e-03 1.008804108584005800e-03 4.384629493763756436e-01 7.428466617754951248e-03 9.170946441672779754e-05 9.170946441672779754e-05 2.760454878943506898e-02 9.170946441672779754e-05 9.170946441672779754e-05 3.035583272193690188e-02 9.170946441672779754e-05 1.128943506969919131e-01 3.761005135730007276e-01 9.170946441672779754e-05
8.540158566011718522e-02 7.333678042054463109e-02 9.479489831092726988e-04 2.938641847638745128e-02 8.617718028266115320e-05 8.617718028266115320e-05 3.533264391589106563e-03 2.671492588762495492e-03 1.517580144777662676e-01 6.118579800068940644e-03 1.215098241985522118e-02 2.965356773526370282e-01 3.344536366770079483e-01 3.533264391589106563e-03
4.094268024765327675e-03 6.900339524665467794e-02 9.986019572598362067e-05 9.986019572598362067e-05 9.986019572598362067e-05 2.206910325544237869e-02 2.007189934092270742e-02 9.986019572598362067e-05 1.098462152985819895e-03 3.126622728180546984e-01 1.008587976832434410e-02 1.678649890153784408e-01 3.925504293988416049e-01 9.986019572598362067e-05
1.195600191296030535e-04 8.261597321855569664e-02 2.761836441893830707e-02 1.195600191296030535e-04 1.207556193208990727e-02 2.703252032520324644e-01 3.120516499282639800e-02 2.044476327116212175e-02 3.706360593017694535e-03 1.041367766618842422e-01 1.195600191296030535e-04 1.101147776183643984e-01 3.372788139646102357e-01 1.195600191296030535e-04
1.073652566029632697e-04 6.646983036289455526e-01 1.073652566029632697e-04 1.073652566029632697e-04 1.073652566029632697e-04 1.073652566029632697e-04 1.073652566029632697e-04 1.073652566029632697e-04 1.073652566029632697e-04 1.073652566029632697e-04 1.181017822632595858e-03 1.536396821988404160e-01 1.794073437835516094e-01 1.073652566029632697e-04
1.246261216350947059e-04 1.246261216350947059e-04 1.370887337986041819e-03 1.246261216350947059e-04 1.246261216350947059e-04 3.626620139581256119e-02 4.748255234297108635e-02 1.246261216350947059e-04 1.246261216350947059e-04 3.939431704885343888e-01 8.848454636091723086e-03 1.858175473579261883e-01 2.493768693918244905e-01 7.614656031904286360e-02
7.669097309529794744e-03 1.898415891375408379e-02 1.723661051043499925e-01 1.257229067136032201e-04 1.257229067136032201e-04 1.257229067136032201e-04 7.669097309529794744e-03 1.257229067136032201e-04 2.339703293940155471e-01 1.382951973849635367e-03 8.184561227055567323e-02 1.296203168217248958e-01 3.458637163691224425e-01 1.257229067136032201e-04
8.138468592388811013e-03 1.158872077028885589e-01 1.146263182026593274e-04 1.146263182026593274e-04 1.146263182026593274e-04 1.146263182026593274e-04 4.481889041723979838e-02 1.146263182026593274e-04 2.798028427326914036e-01 2.407152682255845645e-03 1.146263182026593274e-04 2.694864740944520332e-01 2.786565795506648069e-01 1.146263182026593274e-04
6.049186830622767415e-03 4.373264577548591908e-02 9.916699722332407820e-05 2.082506941689805588e-03 9.916699722332407820e-05 9.916699722332407820e-05 9.916699722332407820e-05 2.053748512495041367e-01 4.075763585878619533e-02 1.090836969456564914e-03 6.049186830622767415e-03 2.936334787782625688e-01 4.007338357794525963e-01 9.916699722332407820e-05
1.234864062143020136e-01 1.737491432488005305e-01 1.256568425862462923e-03 1.382225268448709042e-02 1.142334932602238873e-04 9.835503769705275512e-02 7.322366917980351053e-02 1.142334932602238873e-04 1.142334932602238873e-04 1.256568425862462923e-03 3.781128626913411034e-02 3.233950194196938410e-01 1.520447795293579929e-01 1.256568425862462923e-03
9.667440061871615542e-05 1.063418406805877832e-03 4.380317092034028970e-01 9.667440061871615542e-05 9.667440061871615542e-05 9.667440061871615542e-05 3.006573859242072516e-02 9.667440061871615542e-05 1.063418406805877832e-03 9.667440061871615542e-05 2.039829853054911032e-02 8.613689095127609330e-02 4.225638051044083299e-01 9.667440061871615542e-05
1.098418277680140531e-04 1.098418277680140531e-04 2.736159929701230120e-01 2.306678383128295089e-03 1.109402460456941804e-02 1.098418277680140531e-04 9.995606326889278428e-03 1.098418277680140531e-04 4.503514938488576043e-03 1.098418277680140531e-04 4.503514938488576043e-03 1.593804920913883816e-01 5.339411247803163008e-01 1.098418277680140531e-04
3.155101238450953166e-02 9.828975820719480327e-05 9.828975820719480327e-05 9.828975820719480327e-05 9.828975820719480327e-05 1.081187340279142917e-03 3.744839787694122235e-02 9.828975820719480327e-05 9.828975820719480327e-05 1.770198545311578442e-01 1.385885590721446653e-02 2.841556909770002193e-01 4.541969726754471748e-01 9.828975820719480327e-05
6.754580229514797751e-02 1.006643849406080185e-04 1.117374672840748887e-02 1.279444332595127687e-01 1.006643849406080185e-04 1.006643849406080185e-04 2.124018522246829202e-02 1.006643849406080185e-04 1.006643849406080185e-04 1.107308234346688312e-03 1.006643849406080185e-04 2.004227904167505403e-01 5.698610831487820327e-01 1.006643849406080185e-04
2.336992681304058544e-02 1.746506986027944073e-03 8.316699933466400736e-05 8.316699933466400736e-05 8.316699933466400736e-05 9.148369926813040539e-04 3.085495675316034594e-02 1.921989354624084878e-01 8.316699933466400736e-05 4.000332667997338193e-02 2.669660678642714335e-02 2.254657351962741085e-01 4.425316034597471804e-01 1.588489687292082495e-02
1.016880211511083911e-04 4.891193817368313934e-02 1.016880211511083911e-04 2.095790115924343888e-01 1.016880211511083911e-04 8.236729713239779663e-03 1.383973967866585220e-01 8.236729713239779663e-03 1.016880211511083911e-04 1.433801098230628318e-02 1.016880211511083911e-04 2.197478137075452309e-01 2.644905430140329639e-01 8.755338621110431152e-02
1.173162691487298660e-02 3.394415357766142893e-01 9.695559433779329104e-05 8.822959084739187899e-03 9.695559433779329104e-05 9.695559433779329104e-05 1.048089974791545365e-01 9.695559433779329104e-05 6.883847197983322674e-03 1.066511537715726134e-03 1.464029474500678531e-02 1.833430288927671015e-01 3.006592980414969918e-01 2.821407795229784535e-02
1.158626500947966976e-03 1.053296819043606354e-04 5.815251737939750587e-01 3.265220139035179304e-03 1.053296819043606354e-04 1.053296819043606354e-04 1.801137560564566864e-02 1.053296819043606354e-04 2.211923319991573357e-03 1.158626500947966976e-03 2.117126606277648648e-02 1.075416052243521881e-01 2.634295344428059238e-01 1.053296819043606354e-04
2.388622344071281434e-01 5.037697052775873263e-02 6.968243088873656531e-03 1.610692254969156578e-02 6.968243088873656531e-03 1.142334932602238873e-04 4.123829106694082425e-02 1.142334932602238873e-04 1.256568425862462923e-03 2.398903358464701905e-03 9.252912954078134494e-03 1.337674206077221761e-01 4.924605894448251808e-01 1.142334932602238873e-04
3.308217565340240002e-02 8.358841535201317827e-03 1.295031787143866237e-03 3.425947727807863996e-02 1.177301624676242058e-04 1.177301624676242058e-04 6.251471627030845413e-02 1.920178949846950422e-01 1.177301624676242058e-04 2.955027077937367325e-02 1.177301624676242058e-04 2.332234518483635166e-01 4.051094890510948954e-01 1.177301624676242058e-04
1.292991983449702596e-04 1.708042410137056988e-01 1.292991983449702596e-04 2.871735195241789107e-01 1.292991983449702596e-04 9.180243082492886911e-03 1.292991983449702596e-04 1.292991983449702596e-04 1.292991983449702596e-04 1.292991983449702596e-04 2.715283165244375234e-03 3.272562710111197037e-01 2.018360486164985368e-01 1.292991983449702596e-04
1.221679253665037797e-03 3.120835184362505399e-02 1.110617503331852457e-04 1.110617503331852457e-04 1.110617503331852457e-04 1.110617503331852457e-04 1.454908929364726565e-02 1.110617503331852457e-04 1.110617503331852457e-04 5.032207907596623064e-01 1.110617503331852457e-04 1.800310972900932560e-01 2.688804975566414512e-01 1.110617503331852457e-04
2.371809351705443745e-03 1.129433024621639904e-04 1.129433024621639904e-04 1.129433024621639904e-04 2.847300655071153819e-01 1.129433024621639904e-04 8.018974474813643158e-03 1.129433024621639904e-04 1.129433024621639904e-04 1.705443867178675979e-02 1.129433024621639904e-04 1.582335667494917386e-01 5.286875988253896264e-01 1.129433024621639904e-04
1.561612720045428646e-03 1.974730266893809927e-01 1.419647927314026141e-04 1.419647927314026141e-04 1.419647927314026141e-04 2.088302101078932105e-01 2.853492333901192293e-02 2.981260647359454570e-03 1.575809199318568832e-02 1.419647927314026141e-04 3.847245883021010310e-02 2.485803520726859450e-01 2.570982396365700806e-01 1.419647927314026141e-04
1.129928782351919264e-01 8.685079034219210644e-05 1.399166232412714928e-01 8.685079034219210644e-05 8.685079034219210644e-05 8.685079034219210644e-05 2.353656418273406339e-02 9.553586937641132251e-04 8.685079034219210644e-05 3.569567483064095548e-02 8.685079034219210644e-05 1.842105263157894635e-01 4.899253083203056747e-01 1.224596143824908598e-02
5.182926829268292429e-02 8.085896076352065698e-03 3.328472958642629265e-01 1.325556733828207705e-04 1.325556733828207705e-04 1.325556733828207705e-04 1.325556733828207705e-04 1.325556733828207705e-04 1.325556733828207705e-04 4.109225874867444318e-03 1.325556733828207705e-04 1.393160127253446068e-01 4.627518557794273457e-01 1.325556733828207705e-04
1.198465963566634778e-04 8.760786193672098765e-02 1.198465963566634778e-04 1.569990412272291580e-02 1.247603068072866694e-01 1.198465963566634778e-04 2.648609779482262797e-02 1.318312559923298351e-03 1.198465963566634778e-04 1.809683604985618324e-02 1.198465963566634778e-04 2.290268456375838813e-01 4.938878235858101817e-01 2.516778523489933157e-03
4.605710401087694666e-02 4.913324269204622508e-01 1.699524133242691945e-04 1.546566961250849491e-02 1.699524133242691945e-04 1.699524133242691945e-04 3.569000679809652705e-03 1.699524133242691945e-04 1.699524133242691945e-04 1.699524133242691945e-04 1.699524133242691945e-04 2.686947654656695605e-01 1.735214140040788333e-01 1.699524133242691945e-04
2.392908138981437172e-01 1.369585911470727890e-01 1.189909566872917620e-04 3.105663969538315083e-02 1.308900523560209287e-03 1.189909566872917620e-04 8.341266063779151363e-02 1.189909566872917620e-04 1.189909566872917620e-04 1.189909566872917620e-04 3.105663969538315083e-02 1.678962398857686555e-01 3.047358400761542296e-01 3.688719657306044255e-03
9.046499004885110871e-05 6.341595802424461470e-02 9.951148905373622365e-04 9.136963994933961289e-03 9.046499004885110871e-05 8.232314094445450717e-03 1.167903021530667662e-01 9.046499004885110871e-05 2.606296363307400443e-01 9.046499004885110871e-05 3.537181110910078696e-02 2.832458838429528503e-01 2.126831916048489424e-01 9.136963994933961289e-03
2.975168608215817967e-01 1.686082158185162440e-03 3.218884120171673375e-03 1.532801961986511260e-04 1.532801961986511260e-04 1.532801961986511260e-04 1.871551195585529903e-01 1.532801961986511260e-04 1.532801961986511260e-04 4.751686082158184526e-03 2.007970570202329691e-02 3.557633353770692231e-01 9.518700183936233683e-02 3.387492335990190118e-02
3.533166172783223404e-03 8.217460679279689484e-02 1.139731023478459114e-04 1.253704125826305121e-03 1.139731023478459114e-04 1.253704125826305121e-03 1.139731023478459114e-04 8.217460679279689484e-02 8.092090266697059969e-03 1.834966947800319506e-02 4.798267608844312970e-02 2.166628675632550627e-01 5.380670161841806243e-01 1.139731023478459114e-04
3.326309452137266726e-02 1.852799518362431841e-01 6.170981336544248928e-03 1.655629139072847681e-03 1.505117399157134255e-04 1.219145093317278508e-02 3.177302829620710090e-01 6.170981336544248928e-03 1.505117399157134255e-04 6.170981336544248928e-03 1.505117399157134255e-04 2.108669476219144634e-01 1.130343166767007607e-01 1.070138470800722219e-01
8.784258608573436411e-05 1.414265635980323232e-02 8.784258608573436411e-05 8.784258608573436411e-05 9.662684469430779782e-04 2.644061841180604319e-02 2.907589599437807384e-02 5.358397751229795371e-03 1.677793394237526298e-02 3.646345748418833299e-01 2.723120168657765152e-03 1.828004216444131802e-01 3.558503162333099268e-01 9.662684469430779782e-04
3.258356106789993961e-03 1.271809964263191130e-02 1.051082615093546413e-04 2.953542148412865304e-02 1.167752785368929985e-01 1.051082615093546413e-04 1.902459533319319010e-02 4.425057809543830184e-02 1.051082615093546413e-04 1.051082615093546413e-04 1.051082615093546413e-04 1.619718309859154992e-01 6.118351902459533420e-01 1.051082615093546413e-04
1.195600191296030535e-04 2.774988043998086740e-01 1.195600191296030535e-04 8.739837398373982713e-02 5.631276901004303448e-02 1.195600191296030535e-04 2.761836441893830707e-02 1.195600191296030535e-04 1.315160210425633629e-03 1.195600191296030535e-04 1.315160210425633629e-03 2.332615973218555294e-01 3.145624103299856644e-01 1.195600191296030535e-04
1.440092165898617510e-04 1.440092165898617510e-04 1.440092165898617510e-04 2.318548387096774216e-02 1.440092165898617510e-04 1.657546082949308552e-01 1.440092165898617510e-04 1.440092165898617510e-04 4.494527649769585187e-01 1.440092165898617510e-04 1.440092165898617510e-04 2.276785714285713969e-01 1.311923963133640181e-01 1.584101382488479126e-03
9.818447412353921433e-02 1.053839732888146689e-02 1.784223706176961410e-02 1.043405676126878026e-04 2.046118530884807885e-01 1.043405676126878026e-04 1.262520868113522349e-02 1.043405676126878026e-04 1.043405676126878026e-04 9.494991652754589465e-03 6.364774624373955442e-03 1.983514190317195169e-01 4.414649415692821210e-01 1.043405676126878026e-04
1.169043722235211749e-04 1.169043722235211749e-04 3.624035538929156353e-03 1.988543371522094871e-01 1.169043722235211749e-04 1.169043722235211749e-04 1.414542903904606082e-02 1.169043722235211749e-04 1.169043722235211749e-04 1.169043722235211749e-04 1.169043722235211749e-04 2.526303483750292345e-01 5.156651858779518482e-01 1.414542903904606082e-02
1.539882968894363787e-04 3.249153064367107935e-02 1.539882968894363787e-04 1.539882968894363787e-04 1.539882968894363787e-04 1.539882968894363787e-04 1.539882968894363787e-04 1.539882968894363787e-04 1.539882968894363787e-04 1.539882968894363787e-04 8.547890360332613957e-01 8.638743455497381596e-02 2.479211579919925884e-02 1.539882968894363787e-04
4.688929551692587981e-03 3.443504117108874829e-01 1.258005489478499590e-03 1.143641354071363140e-04 1.143641354071363140e-04 2.756175663311985144e-02 5.832570905763951284e-03 1.143641354071363140e-04 4.128545288197620761e-02 1.258005489478499590e-03 5.844007319304665715e-02 1.911024702653247587e-01 3.043229643183897326e-01 1.955626715462031179e-02
1.005080627347028875e-02 1.104484205875855892e-04 1.104484205875855892e-04 1.104484205875855892e-04 1.104484205875855892e-04 1.104484205875855892e-04 1.104484205875855892e-04 2.696045946542964256e-01 1.104484205875855892e-04 7.841837861718575775e-03 5.632869449966864533e-03 1.381709741550695703e-01 4.209189308592887202e-01 1.470068478020764013e-01
1.058873358746293899e-04 1.916560779330792053e-02 1.058873358746293899e-04 1.164760694620923425e-03 1.058873358746293899e-04 5.093180855569673371e-02 1.058873358746293899e-04 1.058873358746293899e-04 4.341380770859804526e-03 3.008259212198221011e-01 1.058873358746293899e-04 2.192926725963574575e-01 4.035366370182126294e-01 1.058873358746293899e-04
9.936118784530387216e-02 3.539364640883977970e-03 8.632596685082873924e-05 7.855662983425415122e-03 8.632596685082873924e-05 1.130870165745856415e-02 2.512085635359116373e-02 8.632596685082873924e-05 1.389848066298342809e-02 7.855662983425415122e-03 2.080455801104972788e-02 1.943197513812154886e-01 5.853763812154697543e-01 3.030041436464088814e-02
5.910507569011576312e-02 4.463490650044523583e-02 1.224398931433660041e-03 1.113089937666963600e-04 4.563668744434550353e-03 4.908726625111309305e-02 2.682546749777382084e-02 1.113089937666963600e-04 1.113089937666963600e-04 2.793855743544078687e-02 1.346838824577025785e-02 2.650267141585039843e-01 4.620436331255565743e-01 4.574799643811220534e-02
6.883847197983324409e-03 1.754896257514058922e-02 9.695559433779330459e-05 1.851851851851852096e-02 1.610432421950746817e-01 9.695559433779330459e-05 9.695559433779330459e-05 6.883847197983324409e-03 2.918363389567578403e-02 9.695559433779330459e-05 9.695559433779330459e-05 1.629823540818305383e-01 5.905565251114990311e-01 5.914291254605390930e-03
1.162250116225011583e-04 6.636448163644816101e-02 1.162250116225011583e-04 1.162250116225011583e-04 1.162250116225011583e-04 2.767317526731752353e-01 5.357973035797303218e-02 1.162250116225011583e-04 1.162250116225011583e-04 1.093677359367735691e-01 5.927475592747558260e-03 1.907252440725243914e-01 2.964900046490004382e-01 1.162250116225011583e-04
8.180628272251309397e-05 5.734620418848166562e-02 8.998691099476439524e-04 8.180628272251309397e-05 8.180628272251309397e-05 8.180628272251309397e-05 1.039757853403141252e-01 8.180628272251309397e-05 8.180628272251309397e-05 8.180628272251309397e-05 8.180628272251309397e-05 1.702388743455497122e-01 1.645124345549738021e-01 5.023723821989528604e-01
4.744274151885655155e-02 8.610297916307903786e-05 7.155157568451867012e-02 8.610297916307903786e-05 8.610297916307903786e-05 8.610297916307903786e-05 2.161184776993283971e-02 8.610297916307903786e-05 3.530222145686240376e-03 8.610297916307903786e-05 8.610297916307903786e-05 1.301016015154124184e-01 4.762355777509901800e-01 2.489237127604615185e-01
9.264406151565684252e-05 2.418010005558643774e-02 9.264406151565684252e-05 9.264406151565684252e-05 9.264406151565684252e-05 9.264406151565684252e-05 7.884009634982395986e-02 1.945525291828793584e-03 9.264406151565684252e-05 9.264406151565684252e-05 5.651287752455066635e-03 2.335556790809708849e-01 1.511024643320363070e-01 5.040763387066888868e-01
2.394574880328242117e-01 4.456348301800774903e-02 1.139731023478458979e-04 1.151128333713243544e-02 1.139731023478458979e-04 9.231821290175516725e-03 2.860724868930932321e-02 1.139731023478458979e-04 1.253704125826304904e-03 1.139731023478458979e-04 1.253704125826304904e-03 1.858901299293366505e-01 4.776612719398221629e-01 1.139731023478458979e-04
4.558594618634645261e-03 1.790082277073604816e-02 4.680898376695575430e-02 1.111852346008450169e-04 1.122970869468534541e-02 7.894151656659995769e-03 1.345341338670224575e-02 1.268623526795641387e-01 1.111852346008450169e-04 1.122970869468534541e-02 1.111852346008450169e-04 1.502112519457416140e-01 6.094062708472315348e-01 1.111852346008450169e-04
1.099626127116780269e-04 1.012755663074554474e-01 1.209588739828458201e-03 3.859687706179898425e-02 1.067736969430393562e-01 2.309214866945238660e-03 5.399164284143390807e-02 1.099626127116780269e-04 1.099626127116780269e-04 1.099626127116780269e-04 1.099626127116780269e-04 1.903452826039146450e-01 5.048383549593138397e-01 1.099626127116780269e-04
9.704968944099378225e-05 1.184976708074533952e-01 9.704968944099378225e-05 9.704968944099378225e-05 9.704968944099378225e-05 2.144798136645962791e-02 2.824145962732919207e-02 9.704968944099378225e-05 1.776979813664596175e-01 7.861024844720496119e-03 9.704968944099378225e-05 2.495147515527950388e-01 3.960597826086956208e-01 9.704968944099378225e-05
1.330849081714133449e-04 1.465264838967260952e-01 2.275751929731168258e-02 1.330849081714133449e-04 2.794783071599680514e-03 5.070535001330848945e-02 1.330849081714133449e-04 4.138940644130955498e-02 1.330849081714133449e-04 3.739685919616714954e-02 4.671280276816608401e-02 1.944370508384348772e-01 4.566143199361192284e-01 1.330849081714133449e-04
1.259445843828715331e-03 1.352186855965193391e-01 3.549347378062743009e-03 1.041905198076482561e-02 1.144950767117013975e-04 1.144950767117013975e-04 1.569727501717425866e-01 1.144950767117013975e-04 1.144950767117013975e-04 6.079688573391343887e-02 5.839248912296770254e-03 3.584840851843370535e-01 2.657430730478589354e-01 1.259445843828715331e-03
1.011736139214892765e-04 3.146499392958316405e-02 1.011736139214892765e-04 2.570821529745042078e-01 1.011736139214892765e-04 1.224200728450020037e-02 6.586402266288950147e-02 1.011736139214892765e-04 2.124645892351274563e-03 1.103804127883447894e-01 1.112909753136382069e-03 2.813638203156616502e-01 2.267300687980574325e-01 1.123027114528530809e-02
