7.673419275629221115e-05 1.158686310620012268e-02 3.913443830570901942e-03 3.246623695518723318e-01 7.673419275629221115e-05 2.079496623695518617e-02 7.673419275629221115e-05 3.791436464088397962e-01 2.539901780233272052e-02 1.197820748925721157e-01 1.144106813996316613e-01 7.673419275629221115e-05
2.299525870954442219e-01 1.133786848072562388e-03 1.176046176046175867e-01 1.030715316429602220e-04 1.030715316429602220e-04 1.133786848072562388e-03 7.318078746650174410e-03 3.247783962069676345e-01 5.988455988455988060e-02 7.843743558029271645e-02 1.794475365903937247e-01 1.030715316429602220e-04
4.338900487125956773e-01 1.159823706796566896e-04 9.394572025052191563e-03 1.159823706796566896e-04 1.159823706796566896e-04 1.983298538622129542e-02 1.159823706796566896e-04 1.624913013221990221e-01 3.005103224309905174e-01 5.230804917652516484e-02 2.099280909301786194e-02 1.159823706796566896e-04
3.679426673658452163e-02 8.739730816290860614e-05 8.739730816290860614e-05 2.709316553050166668e-03 8.739730816290860614e-05 6.721726970809300816e-01 1.835343471421080688e-03 1.801258521237546206e-01 2.892850900192274824e-02 5.514770145079532504e-02 2.106275126726097138e-02 9.613703897919945998e-04
3.633309759547383860e-02 8.928571428571429811e-03 8.840169731258841826e-05 8.840169731258841826e-05 8.840169731258841826e-05 8.840169731258841826e-05 8.840169731258841826e-05 1.636315417256011540e-01 7.373585572842999980e-01 8.840169731258841826e-05 5.312942008486563894e-02 8.840169731258841826e-05
5.082486252291286595e-03 8.331944675887355452e-05 8.331944675887355452e-05 8.331944675887355452e-05 8.331944675887355452e-05 8.331944675887355452e-05 8.331944675887355452e-05 2.841193134477588284e-02 9.649225129145144741e-01 9.165139143476091132e-04 8.331944675887355452e-05 8.331944675887355452e-05
1.064493758668515755e-01 1.155802126675912887e-04 1.155802126675912887e-04 1.155802126675912887e-04 2.093157651410078035e-01 1.155802126675912887e-04 1.155802126675912887e-04 3.006241331484049706e-01 6.484049930651870908e-02 2.070041608876559969e-01 1.110725843735552165e-01 1.155802126675912887e-04
8.297378028542982216e-05 8.297378028542982216e-05 8.297378028542982216e-05 2.995353468304016650e-02 8.297378028542982216e-05 4.231662794556920008e-03 8.297378028542982216e-05 1.925821440424826114e-01 2.705774975107866354e-01 8.297378028542982216e-05 5.020743445071358391e-01 8.297378028542982216e-05
7.724257738471255186e-01 1.579279848389134175e-04 1.579279848389134175e-04 1.579279848389134175e-04 4.895767530006316266e-03 6.475047378395449790e-03 1.579279848389134175e-04 1.707201516108654005e-01 3.316487681617181875e-03 2.068856601389765584e-02 2.068856601389765584e-02 1.579279848389134175e-04
9.650646593321753248e-05 3.957730167921250652e-01 9.650646593321753248e-05 9.650646593321753248e-05 9.650646593321753248e-05 9.650646593321753248e-05 9.650646593321753248e-05 2.645242231229492647e-01 1.746767033391237109e-02 2.838255163095927402e-01 3.773402817988805169e-02 9.650646593321753248e-05
7.709807886754296673e-03 5.575075834175935441e-01 1.263902932254802884e-04 1.263902932254802884e-04 1.263902932254802884e-04 1.390293225480283227e-03 1.263902932254802884e-04 2.326845298281091934e-01 2.654196157735086003e-03 1.972952477249746983e-01 1.263902932254802884e-04 1.263902932254802884e-04
6.431175143204305444e-02 8.679048776254124102e-05 8.679048776254124102e-05 9.546953653879537054e-04 5.095469536538795863e-01 8.679048776254124102e-05 8.679048776254124102e-05 2.457038708557542639e-01 4.695365387953481101e-02 1.129144245790661416e-01 1.918069779552161389e-02 8.679048776254124102e-05
6.539481738420728496e-02 1.020199959192001496e-04 1.020199959192001496e-04 1.020199959192001496e-04 3.988981840440725818e-02 1.846561926137522958e-02 4.357274025709038656e-01 2.622934095082635753e-01 7.457661701693529821e-02 5.621301775147928559e-02 4.703121811875127234e-02 1.020199959192001496e-04
2.846801017413421592e-02 9.782821365681862262e-05 9.782821365681862262e-05 9.782821365681862262e-05 4.989238896497748439e-03 9.782821365681862262e-05 9.782821365681862262e-05 5.596752103306592563e-01 3.727254940324789545e-02 7.640383486597532303e-02 6.466444922715709753e-02 2.280375660340441812e-01
1.463700234192037469e-04 1.463700234192037469e-04 3.673887587822013967e-02 6.001170960187352486e-03 1.463700234192037469e-04 1.624707259953161315e-02 1.463700234192037469e-04 6.090456674473068155e-01 3.073770491803278632e-03 1.655444964871194136e-01 1.463700234192037469e-04 1.626170960187353354e-01
1.072731173567903701e-04 5.525638275048272430e-01 1.072731173567903701e-04 1.072731173567903701e-04 1.072731173567903701e-04 4.516198240720874918e-02 1.072731173567903701e-04 2.618536794679252599e-01 4.398197811628404633e-03 1.127440463419866756e-01 2.263462776228276907e-02 1.072731173567903701e-04
1.095207113424419808e-02 1.084363478638039412e-04 1.420516157015831553e-02 1.084363478638039412e-04 1.084363478638039412e-04 1.084363478638039412e-04 1.084363478638039412e-04 4.089134677944046836e-01 2.830188679245283084e-02 1.595098677076556004e-01 3.698763825634352465e-01 7.698980698330079760e-03
1.305820371299548366e-01 8.906171600602107163e-03 1.254390366281986867e-04 1.254390366281986867e-04 1.379829402910185635e-03 2.685649774209734053e-01 1.254390366281986867e-04 3.061966884094329822e-01 3.524836929252383316e-02 1.682137481184144412e-01 8.040642247867535453e-02 1.254390366281986867e-04
1.636125654450261879e-04 4.631871727748690937e-01 1.636125654450261879e-04 5.071989528795811664e-03 1.636125654450261879e-04 1.799738219895287905e-03 1.636125654450261879e-04 2.783049738219894875e-01 6.708115183246072567e-03 1.981348167539266902e-01 4.270287958115183413e-02 3.435863874345549459e-03
1.368866695614415763e-01 1.085540599218410803e-04 1.085540599218410803e-04 1.227746417716022442e-01 9.455058619192356628e-02 3.050369083803734435e-02 1.194094659140251856e-03 1.965914025184541669e-01 3.691923577941815249e-01 1.085540599218410803e-04 4.787234042553191460e-02 1.085540599218410803e-04
1.273560876209882831e-04 1.273560876209882831e-04 3.196637799286805581e-02 2.674477840040753729e-03 1.273560876209882831e-04 1.273560876209882831e-04 1.031584309730004985e-02 4.063932755985736334e-01 1.273560876209882831e-04 1.631431482424859636e-01 1.122007131940906677e-01 2.726693835965358637e-01
1.420051121840386224e-04 1.420051121840386224e-04 1.420051121840386224e-04 1.420051121840386224e-04 1.562056234024424874e-03 1.420051121840386224e-04 1.420051121840386224e-04 1.620278330019880586e-01 1.718261857426867101e-02 1.008236296506674103e-02 8.081510934393637546e-01 1.420051121840386224e-04
3.748070656834163183e-01 8.574858514834506767e-05 8.574858514834506767e-05 4.467501286228778290e-02 8.574858514834506767e-05 8.574858514834506767e-05 8.574858514834506767e-05 3.113531126736409638e-01 1.732978905848053808e-01 5.230663694049049114e-03 9.012176299091065323e-02 8.574858514834506767e-05
2.369023106840539850e-01 1.143902997025852259e-04 1.143902997025852259e-04 4.690002287805992987e-03 8.933882406771904983e-02 1.143902997025852259e-04 4.690002287805992987e-03 3.101121024937085191e-01 2.963852665293983391e-01 1.143902997025852259e-04 5.730954015099519461e-02 1.143902997025852259e-04
5.397845006216327179e-02 1.668048072938251025e-02 1.036054703688354695e-04 1.668048072938251025e-02 6.433899709904682129e-02 1.036054703688354695e-04 2.767302113551595166e-01 4.621840033153750138e-01 2.289680895151263718e-02 5.915872358060504654e-02 2.600497306257770064e-02 1.139660174057190124e-03
2.295474325500435064e-02 1.087902523933855496e-04 2.133376849434290567e-01 1.687336814621409886e-01 1.087902523933855496e-04 1.196692776327241059e-03 1.642732811140121610e-02 1.611183637946039804e-01 2.764360313315926687e-01 1.087902523933855496e-04 1.317449956483899010e-01 7.724107919930373219e-03
2.918170878459686729e-02 1.103088648215001973e-03 1.002807862013638132e-04 1.002807862013638132e-04 5.425190533493781664e-02 2.598275170477336582e-01 1.002807862013638132e-04 4.272964300040111851e-01 1.002807862013638132e-04 2.277376654632971842e-01 1.002807862013638132e-04 1.002807862013638132e-04
1.270806658130601563e-01 5.441741357234313251e-03 1.067008109261630302e-04 1.067008109261630302e-04 2.240717029449423511e-03 4.598804950917626672e-02 1.067008109261630302e-04 3.778275714895432680e-01 1.397780623132735545e-02 2.753947930004267963e-01 6.306017925736234764e-02 8.866837387964146555e-02
2.686484490398818870e-02 9.231905465288037422e-05 9.231905465288037422e-05 4.118353028064993260e-01 1.947932053175776071e-02 9.231905465288037422e-05 1.670974889217134718e-02 2.595088626292467171e-01 2.004246676514032655e-01 3.148079763663221009e-02 3.332717872968981448e-02 9.231905465288037422e-05
1.850072516316171312e-01 1.903553299492386289e-03 9.064539521392314886e-05 5.357142857142858233e-02 9.064539521392314886e-05 9.064539521392314886e-05 9.064539521392314886e-05 3.291334300217549913e-01 2.339557650471356665e-01 1.007070340826686089e-01 8.529731689630168368e-02 1.006163886874546914e-02
5.985536018150877657e-01 1.418037436188315206e-04 1.418037436188315206e-04 1.418037436188315206e-04 1.418037436188315206e-04 1.418037436188315206e-04 1.418037436188315206e-04 1.717243335224049317e-01 1.660521837776516851e-01 2.566647759500850431e-02 3.701077708451502163e-02 1.418037436188315206e-04
9.181050312155710142e-05 9.181050312155710142e-05 9.181050312155710142e-05 5.821704002937936329e-01 3.038927653323540354e-02 9.181050312155710142e-05 9.181050312155710142e-05 2.516525890561880363e-01 6.803158281307380983e-02 9.181050312155710142e-05 6.711347778185823565e-02 9.181050312155710142e-05
5.048017729623243896e-03 1.859147993105146265e-02 2.351637527702536007e-02 1.231223836493474299e-04 1.231223836493474299e-04 1.231223836493474299e-04 1.231223836493474299e-04 4.285890174833784094e-01 1.231223836493474299e-04 2.574489042107854786e-01 1.612903225806451221e-02 2.500615611918245995e-01
3.785591026747195387e-02 1.078515962036238050e-04 1.078515962036238050e-04 8.735979292493527282e-03 3.030629853321828784e-02 7.344693701466779856e-02 2.275668679896462182e-02 4.768119068162208207e-01 8.423209663503017364e-02 1.737489214840379215e-01 7.560396893874027358e-02 1.628559102674719331e-02
1.086105675146771116e-01 8.895214374666430938e-05 8.895214374666430938e-05 8.895214374666430938e-05 2.971891122576054700e-01 8.895214374666430938e-05 9.784735812133074032e-04 3.185376267568049147e-01 9.259918164027754195e-02 1.441914250133428388e-01 3.744885251734567794e-02 8.895214374666430938e-05
1.221950677627193799e-03 1.110864252388358024e-04 1.110864252388358024e-04 1.110864252388358024e-04 1.110864252388358024e-04 1.323039324594534327e-01 1.110864252388358024e-04 5.510997556098643502e-01 1.110864252388358024e-04 3.067096200844256493e-01 7.887136191957341835e-03 1.110864252388358024e-04
4.650995688770273029e-01 1.026483268322726415e-04 1.026483268322726415e-04 8.314514473414082521e-03 4.208581400123177080e-03 4.013549579141859752e-02 1.026483268322726415e-04 2.053993019913775142e-01 1.191747074522685190e-01 8.016834325600491473e-02 7.708889345103674129e-02 1.026483268322726415e-04
7.536556251865113021e-01 4.625484929871678808e-03 1.492091912861832101e-04 1.492091912861832101e-04 1.492091912861832101e-04 3.133393017009847032e-03 1.492091912861832101e-04 1.180244703073708989e-01 8.967472396299609738e-02 1.492091912861832101e-04 2.849895553566099068e-02 1.641301104148015257e-03
4.327499400623351783e-02 1.198753296571565530e-04 1.811316231119635412e-01 1.570366818508750831e-02 1.198753296571565530e-04 1.198753296571565530e-04 2.517381922800287532e-03 4.676336609925677568e-01 5.046751378566290830e-02 1.343802445456724892e-01 1.044114121313833438e-01 1.198753296571565530e-04
1.089087344805053409e-04 1.644521890655630328e-02 1.089087344805053409e-04 2.070355042474406326e-01 2.297974297538662655e-02 1.971248094097146492e-02 8.821607492920931909e-03 4.019821389675451995e-01 2.515791766499673315e-02 2.211936397299063273e-01 7.198867349161401641e-02 4.465258113700717839e-03
1.092822450080949657e-02 1.349163518618456568e-04 1.349163518618456568e-04 1.269562871019967454e-01 1.227738801942795423e-02 1.349163518618456568e-04 1.349163518618456568e-04 1.890178089584457488e-01 4.655963302752293420e-01 1.092822450080949657e-02 1.836211548839719321e-01 1.349163518618456568e-04
1.590909090909090606e-01 1.394311210262130589e-04 1.394311210262130589e-04 7.403792526491913273e-02 1.394311210262130589e-04 1.394311210262130589e-04 1.911600669269380715e-01 3.919408812046848989e-01 1.298103736754043225e-01 3.639152258784160432e-02 1.687116564417177889e-02 1.394311210262130589e-04
9.998000399920015612e-05 9.998000399920015612e-05 6.098780243951208019e-03 2.909418116376724303e-02 9.998000399920015612e-05 2.110577884423114892e-01 3.099380123975204338e-03 4.050189962007598177e-01 9.808038392321533072e-02 2.030593881223754782e-01 4.409118176364726360e-02 9.998000399920015612e-05
1.094802694898941268e-02 1.203079884504331152e-04 1.203079884504331152e-04 1.203079884504331152e-04 1.203079884504331152e-04 1.203079884504331152e-04 1.203079884504331152e-04 4.969923002887391972e-01 1.335418671799807472e-02 1.601299326275264501e-01 5.907122232916265508e-02 2.587824831568815709e-01
1.091053362428089524e-03 1.270581233882165928e-01 9.918666931164450099e-05 7.042253521126758987e-03 7.042253521126758987e-03 9.918666931164450099e-05 2.242610593136282193e-01 3.303907954770878286e-01 5.564372148383256445e-02 1.835945248958539555e-01 6.060305494941479326e-02 3.074786748660979490e-03
6.370651923519924376e-01 1.266989173001612217e-03 1.151808339092374718e-04 1.151808339092374718e-04 1.151808339092374718e-04 1.151808339092374718e-04 1.151808339092374718e-04 3.525685325961759320e-01 1.151808339092374718e-04 1.151808339092374718e-04 8.177839207555858900e-03 1.151808339092374718e-04
1.863673805601318012e-02 5.251235584843492142e-03 1.029654036243822090e-04 1.029654036243822090e-04 6.280889621087313961e-03 1.029654036243822090e-04 1.029654036243822090e-04 4.830107084019769625e-01 1.029654036243822090e-04 2.369233937397034473e-01 2.172570016474464558e-02 2.276565074135090405e-01
9.057800751879697965e-02 5.991541353383458314e-03 2.467105263157894600e-03 1.174812030075187905e-04 3.301221804511278446e-02 2.478853383458646739e-02 1.174812030075187905e-04 3.560855263157894912e-01 3.771146616541353608e-02 3.889802631578947456e-01 6.003289473684210453e-02 1.174812030075187905e-04
2.411603158256094004e-02 2.000514933058702705e-01 1.467559217301751123e-02 1.896670099553724939e-02 5.699450738070718225e-01 7.809818056985926016e-03 9.440439409543428589e-04 4.900446275317543038e-02 7.809818056985926016e-03 6.531067627875043746e-02 4.042224510813594712e-02 9.440439409543428589e-04
1.187648456057006962e-03 1.079680414597279105e-04 1.187648456057006962e-03 1.079680414597279105e-04 3.250917728352407110e-01 3.357806089397537969e-02 1.079680414597279105e-04 4.535737421723169405e-01 5.301230835672639946e-02 7.352623623407469888e-02 5.841071042971279770e-02 1.079680414597279105e-04
1.020199959192001632e-04 2.142419914303203467e-03 1.020199959192001632e-04 1.020199959192001632e-04 1.020199959192001632e-04 1.020199959192001632e-04 1.020199959192001632e-04 4.132830034686798548e-01 4.601101815955927626e-02 1.714956131401754735e-01 1.021220159151193518e-01 2.643338094266476368e-01
4.175759013282732135e-01 1.185958254269449603e-04 1.185958254269449603e-04 1.304554079696394536e-03 6.771821631878556513e-02 1.185958254269449603e-04 1.185958254269449603e-04 4.899193548387096309e-01 6.048387096774191646e-03 1.672201138519923899e-02 1.185958254269449603e-04 1.185958254269449603e-04
6.012732846026878561e-03 1.426550341900494935e-02 1.178967224711152927e-04 1.178967224711152927e-04 1.178967224711152927e-04 1.178967224711152927e-04 2.583117189342135633e-01 3.420183918887054753e-01 4.020278236265031196e-02 2.017212921480782406e-01 1.368780947889648436e-01 1.178967224711152927e-04
1.176193836744295344e-04 2.470007057163020169e-03 5.775111738414490103e-02 1.176193836744295344e-04 1.293813220418724933e-03 5.998588567395905444e-03 1.176193836744295344e-04 3.894377793460361836e-01 1.176193836744295344e-04 3.059280169371912383e-01 2.470007057163020169e-03 2.341801928957891743e-01
9.912691652470186077e-02 1.064735945485519605e-04 1.064735945485519605e-04 9.167376490630323171e-02 1.181856899488926624e-02 1.064735945485519605e-04 1.181856899488926624e-02 3.567930153321976494e-01 2.396720613287904311e-01 3.098381601362861990e-02 6.079642248722316733e-02 9.699744463373081993e-02
2.274158630190907249e-01 7.970871875615036239e-03 9.840582562487699546e-05 1.977957095060027537e-02 1.063766975004920151e-01 9.840582562487699546e-05 2.066522338122416674e-03 3.474709702814406942e-01 5.225349340680968124e-02 2.077346978941153055e-01 2.863609525683920645e-02 9.840582562487699546e-05
6.993808759458839362e-03 3.554230681036459234e-03 6.993808759458839362e-03 1.146526026140793367e-04 1.146526026140793367e-04 3.107085530841549939e-02 1.261178628754872771e-03 4.346480165099747550e-01 3.107085530841549939e-02 2.901857372162348070e-01 2.075212107314836074e-02 1.732400825498738584e-01
9.172628875435702282e-05 4.036873968079252584e-01 9.172628875435702282e-05 9.172628875435702282e-05 9.172628875435702282e-05 9.172628875435702282e-05 9.172628875435702282e-05 3.073747936158503502e-01 2.669235002751789085e-02 2.220693450742983188e-01 3.953403045312787328e-02 9.172628875435702282e-05
1.190312015169798510e-01 8.619203585588693507e-05 1.302361661782451552e-01 8.619203585588693507e-05 1.818651956559214425e-02 4.395793828650232903e-03 8.619203585588693507e-05 3.526116186864334257e-01 1.052404757800379370e-01 1.431649715566281900e-01 1.233408033097741913e-01 3.533873470091363714e-03
9.398721534159007462e-02 9.988014382740709597e-05 9.988014382740709597e-05 9.988014382740709597e-05 2.977427087495005953e-01 9.089093088294045164e-03 9.988014382740709597e-05 4.475629244906111914e-01 3.006392329204953667e-02 9.398721534159007462e-02 2.706751897722732558e-02 9.988014382740709597e-05
1.579765606314278703e-01 3.121262855776130163e-02 1.195886151638364092e-04 1.195886151638364092e-04 3.146376464960535801e-01 1.195886151638364092e-04 1.805788088973929451e-02 2.715857450370724457e-01 1.327433628318583879e-02 1.699354221478115157e-01 1.327433628318583879e-02 9.686677828270748303e-03
4.189218213058418794e-01 1.073883161512027335e-04 1.073883161512027335e-04 1.073883161512027335e-04 1.073883161512027335e-04 1.278994845360824362e-01 1.073883161512027335e-04 2.750214776632302072e-01 1.772981099656356918e-01 1.073883161512027335e-04 1.073883161512027335e-04 1.073883161512027335e-04
2.617801047120418573e-03 1.246571927200199243e-04 1.246571927200199243e-04 5.746696584392918528e-02 3.429319371727748145e-01 1.246571927200199243e-04 1.246571927200199243e-04 4.152331089503863981e-01 8.115183246073295886e-02 1.259037646472201122e-02 8.738469209673395410e-02 1.246571927200199243e-04
1.521629778672032099e-02 1.195925553319919371e-01 2.466046277665995823e-01 1.257545271629778778e-04 1.257545271629778778e-04 6.413480885311870737e-03 1.257545271629778778e-04 3.107394366197183122e-01 6.413480885311870737e-03 2.088782696177062248e-01 8.563883299798791260e-02 1.257545271629778778e-04
1.296720935565237043e-01 1.146526026140793231e-04 3.554230681036458801e-03 1.146526026140793231e-04 4.700756707177252032e-03 2.304517312542994634e-02 2.145150194909423991e-01 3.131162577390506629e-01 8.725063058931435689e-02 1.147672552166933979e-01 1.090346250859894200e-01 1.146526026140793231e-04
4.473318785955167354e-02 9.918666931164450099e-05 4.066653441777424473e-03 9.918666931164450099e-05 9.918666931164450099e-05 3.244395953183891734e-01 1.091053362428089524e-03 3.740329299742114477e-01 2.489585399722277215e-02 1.964887919063677546e-01 2.985518746280499403e-02 9.918666931164450099e-05
2.617687385740402051e-01 1.256855575868373034e-03 6.752742230347348606e-02 1.142595978062157217e-04 2.068098720292504619e-02 1.142595978062157217e-04 1.142595978062157217e-04 2.183500914076782207e-01 1.269424131627056584e-01 1.155164533820840778e-01 1.874999999999999722e-01 1.142595978062157217e-04
1.063624057242312879e-03 4.429510732933668593e-01 1.063624057242312879e-03 6.865209824018564042e-03 9.669309611293753202e-05 9.669309611293753202e-05 9.669309611293753202e-05 2.901759814349255673e-01 2.233610520208857003e-02 1.538387159156835993e-01 8.131889383098045432e-02 9.669309611293753202e-05
1.098659635245001145e-04 2.681828169633047598e-01 1.208525598769501219e-03 1.098659635245001145e-04 1.098659635245001145e-04 1.098659635245001145e-04 8.899143045484508505e-03 3.857393979345198898e-01 2.977367611513952877e-02 2.495056031641397221e-01 3.087233575038452957e-02 2.537903757415952560e-02
9.830908375933935909e-05 6.979944946913093154e-03 5.013763271726306460e-03 2.064490758946126419e-03 1.298662996460872854e-01 1.081399921352732855e-03 9.830908375933935909e-05 5.702909948879275603e-01 7.088084939048366895e-02 1.003735745182854633e-01 1.131537554069995816e-01 9.830908375933935909e-05
2.527184857027788695e-02 1.006846556584776385e-04 3.332662102295609607e-02 1.006846556584776385e-04 1.006846556584776385e-04 1.006846556584776385e-04 1.006846556584776385e-04 5.417841320982681452e-01 6.755940394683848660e-02 1.088401127668143092e-01 7.762786951268624280e-02 1.450865888038662677e-01
8.318083513558477795e-05 8.318083513558477795e-05 2.578605889203128103e-03 1.671934786225253919e-02 2.254200632174347546e-02 8.318083513558477795e-05 1.265180502412244501e-01 3.960239560805191017e-01 8.742305772749958681e-02 2.504574945932457886e-01 9.740475794376976526e-02 8.318083513558477795e-05
6.621236777868184931e-02 1.017087062652563030e-04 2.247762408462164463e-02 1.191008950366151259e-01 1.128966639544344910e-02 1.017087062652563030e-04 1.180838079739625623e-01 3.001423921887713675e-01 1.730065093572009660e-01 9.367371847030105114e-02 4.281936533767290165e-02 5.299023596419853710e-02
3.142940263770364617e-01 9.697439875872769467e-05 9.697439875872769467e-05 4.470519782777346990e-02 3.975950349107835319e-03 1.658262218774243790e-02 9.697439875872769467e-05 4.035104732350659473e-01 1.397401086113266022e-01 2.240108611326609850e-02 4.179596586501163613e-02 1.270364623739332795e-02
7.479983143699957260e-03 5.310788032026969585e-01 1.053518752633796925e-04 1.053518752633796925e-04 1.053518752633796925e-04 1.053518752633796925e-04 6.426464391066160145e-03 2.129161399072903305e-01 3.592498946481247069e-02 1.665613147914032643e-01 3.908554572271386723e-02 1.053518752633796925e-04
5.724405850091407455e-02 1.142595978062157217e-04 1.795018281535648852e-01 1.142595978062157217e-04 1.142595978062157217e-04 1.142595978062157217e-04 1.256855575868373034e-03 4.617230347349177144e-01 5.153107861060329115e-02 1.726462522851919534e-01 7.552559414990858699e-02 1.142595978062157217e-04
4.957607159679697922e-02 1.177578897786151581e-04 1.177578897786151581e-04 3.308996702779085780e-02 1.177578897786151581e-04 1.177578897786151581e-04 2.026613283089966633e-01 4.664390014130946338e-01 5.310880829015543481e-02 1.084550164861045468e-01 8.608101742816766377e-02 1.177578897786151581e-04
2.082255561303672856e-02 1.293326435592343198e-04 1.293326435592343198e-04 1.293326435592343198e-04 1.422659079151577599e-03 3.907139161924469417e-01 1.293326435592343198e-04 3.583807553026383541e-01 2.277547853078116247e-01 1.293326435592343198e-04 1.293326435592343198e-04 1.293326435592343198e-04
2.343923572539435493e-02 1.110864252388358024e-04 1.110864252388358024e-04 1.121972894912241434e-02 4.266829593423683287e-01 1.110864252388358024e-04 1.221950677627193799e-03 4.155743168184847236e-01 9.564541213063761094e-02 3.443679182403909522e-03 2.232837147300599512e-02 1.110864252388358024e-04
1.129688206055128827e-04 2.044735652959783073e-02 2.520334387708992319e-01 1.129688206055128827e-04 1.129688206055128827e-04 1.028016267510167142e-02 1.129688206055128827e-04 4.022819701762313516e-01 1.129688206055128827e-04 2.610709444193402562e-01 4.078174423859014935e-02 1.253953908721192924e-02
2.585913092871343077e-01 1.420051121840386224e-04 1.420051121840386224e-04 1.420051121840386224e-04 1.506674240272649623e-01 1.420051121840386224e-04 1.420051121840386224e-04 2.159897756319227313e-01 9.954558364101105672e-02 1.634478841238284352e-01 1.109059926157341530e-01 1.420051121840386224e-04
8.686587908269634208e-05 1.442842251563586087e-01 7.479152189020153718e-02 2.692842251563586347e-03 8.686587908269634208e-05 8.686587908269634208e-05 2.692842251563586347e-03 4.561327310632384280e-01 6.436761640027797993e-02 1.981410701876303304e-01 5.654968728283530505e-02 8.686587908269634208e-05
3.062848050914876788e-02 3.329355608591885174e-01 2.002121453195438577e-02 1.325908247149297330e-04 1.325908247149297330e-04 1.325908247149297330e-04 1.325908247149297330e-04 3.687350835322195652e-01 1.325908247149297330e-04 1.804561124370193392e-01 6.642800318217978450e-02 1.325908247149297330e-04
1.187964516902421386e-01 1.198753296571565530e-04 1.198753296571565530e-04 1.198753296571565530e-04 1.198753296571565530e-04 1.198753296571565530e-04 3.716135219371853333e-03 4.568448813234236572e-01 6.245504675137856371e-02 1.595540637736753697e-01 7.084631982737951694e-02 1.271877247662430988e-01
5.340020401224073732e-01 1.700102006120367281e-04 1.870112206732403928e-03 1.870112206732403928e-03 1.700102006120367281e-04 1.700102006120367281e-04 2.227133628017680805e-02 2.330839850391023260e-01 7.837470248214892243e-02 5.117307038422305027e-02 7.667460047602855933e-02 1.700102006120367281e-04
1.191383004046655258e-01 1.190192811235420004e-04 1.190192811235420004e-04 1.190192811235420004e-04 1.190192811235420004e-04 2.274458462270887438e-01 2.499404903594381819e-03 3.357533920495119895e-01 1.488931206855510225e-01 5.962865984289453941e-02 1.060461794810759056e-01 1.190192811235420004e-04
1.258595729279768649e-01 1.900108577633008011e-03 9.952949692363375397e-04 3.175895765472313420e-02 9.048136083966705522e-05 1.818675352877307735e-02 2.235794426348172714e-01 2.109120521172638818e-01 1.068584871516467666e-01 1.077633007600434373e-01 1.720050669562070422e-01 9.048136083966705522e-05
3.235203925176326212e-02 1.533272002453235281e-04 2.315240723704384967e-02 5.688439129101502401e-02 1.533272002453235281e-04 6.761729530818766376e-02 1.533272002453235281e-04 1.565470714504753058e-01 1.780128794848205853e-01 2.775222324440355590e-02 4.524685679239497382e-01 4.753143207605029126e-03
6.167350661194709316e-02 1.139990880072959265e-04 1.139990880072959265e-04 1.139990880072959265e-04 6.953944368445050608e-03 1.139990880072959265e-04 1.015731874145006652e-01 4.823301413588690911e-01 4.343365253077974969e-02 2.087323301413588350e-01 7.649338805289555843e-02 1.835385316917464635e-02
1.778078891900029823e-01 1.505570611261668201e-04 1.505570611261668201e-04 2.576031315868714255e-01 1.505570611261668201e-04 1.656127672387834940e-03 1.505570611261668201e-04 2.109304426377596742e-01 2.094248720264980101e-01 3.628425173140620297e-02 1.055404998494429286e-01 1.505570611261668201e-04
7.116499736425936813e-03 1.845018450184502225e-03 8.785802143735724494e-05 3.435248638200668475e-02 3.049551924090670441e-01 3.610964681075382737e-02 8.785802143735724494e-05 3.866631523458092801e-01 4.313828852574241174e-02 1.564751361799332496e-01 2.732384466701810385e-02 1.845018450184502225e-03
1.051303616484440659e-04 5.361648444070646682e-03 1.051303616484440659e-04 1.156433978132884914e-03 1.051303616484440659e-04 1.051303616484440659e-04 5.361648444070646682e-03 4.910639192598822422e-01 7.264507989907484364e-02 1.504415475189234408e-01 1.482338099243061223e-02 2.587258200168208178e-01
2.309256158813680626e-01 1.195886151638364092e-04 1.195886151638364092e-04 1.195886151638364092e-04 1.195886151638364092e-04 1.805788088973929451e-02 1.195886151638364092e-04 4.234632862951446808e-01 9.579048074623294773e-02 3.240851470939966339e-02 5.752212389380530894e-02 1.412341545084907779e-01
1.440507058484586528e-04 1.440507058484586528e-04 1.440507058484586528e-04 1.440507058484586528e-04 2.319216364160184285e-02 8.787093056755977682e-03 5.302506482281763578e-01 8.513396715643906099e-02 3.183520599250936473e-02 2.796024200518582026e-01 3.903774128493229384e-02 1.584557764333045316e-03
3.235232728031726263e-03 9.496973491964098499e-03 2.171780421623877855e-01 1.043623460655395481e-04 1.043623460655395481e-04 1.043623460655395481e-04 1.043623460655395481e-04 3.445001043623460713e-01 2.410770194113963719e-02 3.090169067000625991e-01 9.194322688374033381e-02 1.043623460655395481e-04
7.132834424695976526e-03 1.169317118802619285e-04 1.169317118802619285e-04 1.169317118802619285e-04 1.169317118802619285e-04 1.169317118802619285e-04 1.169317118802619285e-04 4.666744621141253324e-01 9.833956969130026871e-02 1.521281571562207446e-01 6.910664172123479054e-02 2.059167446211412345e-01
1.540357362908194500e-04 1.540357362908194500e-04 1.540357362908194500e-04 1.540357362908194500e-04 1.540357362908194500e-04 9.028034504004927019e-01 1.540357362908194500e-04 6.330868761552678470e-02 3.250154035736290553e-02 1.540357362908194500e-04 1.540357362908194500e-04 1.540357362908194500e-04
3.913292152825440517e-01 6.977808281857698046e-03 3.546099290780141758e-03 1.498512926103866272e-02 1.155342026996110556e-02 8.121711278883550142e-03 1.143902997025852259e-04 2.918096545412948717e-01 6.646076412720201831e-02 1.533973919011667741e-01 5.159002516586593673e-02 1.143902997025852259e-04
1.104728236853733890e-04 1.104728236853733890e-04 1.104728236853733890e-04 9.511710119310647082e-02 2.330976579761378370e-02 1.115775519222271008e-02 3.039107379584621849e-01 3.469951391957578068e-01 1.104728236853733890e-04 1.901237295625275714e-01 2.883340698188245274e-02 1.104728236853733890e-04
2.128786274094471298e-02 1.059097648803219538e-04 1.059097648803219538e-04 1.059097648803219538e-04 3.040669349714043568e-01 1.493327684812539510e-02 1.059097648803219538e-04 4.290404575301842161e-01 1.059097648803219538e-04 1.949798771446726864e-01 3.399703452658334873e-02 1.165007413683541437e-03
8.634087376964256718e-05 1.813158349162493884e-03 9.937834570885858976e-02 1.821792436539458257e-02 8.634087376964256718e-05 8.634087376964256718e-05 8.634087376964256718e-05 5.915213261958212065e-01 5.793472629943015317e-02 1.278708340528406373e-01 8.297357969262650346e-02 1.994474184078743467e-02
2.237808951235804866e-02 1.113337786684479979e-04 2.571810287241148643e-02 2.571810287241148643e-02 1.025384101536405967e-01 1.113337786684479979e-04 1.124471164551324627e-02 5.901803607214427538e-01 4.575818303273212345e-02 7.359162769984411989e-02 1.025384101536405967e-01 1.113337786684479979e-04
1.949185415050426820e-02 9.697439875872769467e-05 9.697439875872769467e-05 9.697439875872769467e-05 9.697439875872769467e-05 9.697439875872769467e-05 2.143134212567882058e-02 4.781807602792862433e-01 2.240108611326609850e-02 2.250775795190069761e-01 3.209852598913886385e-02 2.008339798293250489e-01
9.195535921878630892e-02 1.162520344106021729e-04 1.278772378516623929e-03 8.253894443152753543e-03 3.314345501046268017e-01 1.162520344106021729e-04 1.162520344106021729e-04 3.128342245989304549e-01 8.265519646593813552e-02 1.082306440362706124e-01 6.289235061613576705e-02 1.162520344106021729e-04
3.362788414334806630e-02 4.990999836360661586e-03 8.181966944853544894e-05 5.220913107511047091e-01 6.627393225331370402e-03 8.181966944853544894e-05 8.181966944853544894e-05 1.866306660121093419e-01 1.424480445099002013e-01 4.917362133856979789e-02 5.408280150548192000e-02 8.181966944853544894e-05
6.114364450568376616e-03 6.122976231484670434e-02 3.367206338270754135e-02 2.369100930072338962e-01 8.611780916293490062e-05 3.530830175680330085e-03 8.611780916293490062e-05 4.410093007233896190e-01 2.669652084050981675e-03 1.439028591112641864e-01 7.070272132276954336e-02 8.611780916293490062e-05
4.920311341734619204e-02 9.266123054114160985e-05 9.266123054114160985e-05 5.189955522609340788e-01 3.799110452186805435e-03 1.491845811712379927e-02 9.266123054114160985e-05 2.252594514455152352e-01 8.441438102297998958e-02 5.661601186063752039e-02 4.642327650111194304e-02 9.266123054114160985e-05
5.711354309165526250e-02 3.533971728226174142e-03 1.790925672594619045e-01 1.139990880072959401e-04 8.093935248518011744e-03 1.139990880072959401e-04 2.177382580939352455e-02 4.116507067943456222e-01 8.447332421340628117e-02 1.939124487004103836e-01 3.317373461012312202e-02 6.953944368445051476e-03
2.124110320284697262e-02 1.345640569395017451e-02 1.112099644128113687e-04 1.112099644128113687e-04 1.112099644128113687e-04 1.112099644128113687e-04 1.357873665480426872e-01 4.349421708185052804e-01 2.902580071174376899e-02 3.281806049822063587e-01 2.124110320284697262e-02 1.568060498220640378e-02
1.232952045754509146e-01 2.309722833260008466e-03 1.110866695996480177e-02 1.099868015838099353e-04 1.209854817421909248e-03 1.099868015838099353e-04 1.099868015838099353e-04 5.698416190057192798e-01 7.050153981522215563e-02 6.720193576770785993e-02 2.540695116586009356e-02 1.287945446546414074e-01
1.524946612308289429e-01 9.706853038245000849e-05 9.706853038245000849e-05 9.706853038245000849e-05 1.174529217627645096e-02 1.864686468646864492e-01 9.706853038245000849e-05 4.184624344787419847e-01 6.998641040574644923e-02 1.010483401281304511e-01 5.930887206367695813e-02 9.706853038245000849e-05
1.518903088391906075e-01 3.075079872204472889e-02 1.331203407880724300e-04 1.331203407880724300e-04 1.078274760383386537e-02 8.666134185303513149e-02 1.331203407880724300e-04 4.261182108626198062e-01 1.211395101171458891e-02 2.237752928647497030e-01 4.938764643237486540e-02 8.120340788072416549e-03
5.737517178195143674e-02 1.145213009619789138e-04 1.145213009619789138e-04 2.404947320201557270e-03 3.561612459917544438e-02 1.145213009619789138e-04 1.145213009619789138e-04 3.711635364177736651e-01 3.642922583600549102e-01 9.974805313788362437e-02 6.882730187814932454e-02 1.145213009619789138e-04
2.742359846184982616e-02 1.011940902651285089e-04 1.022060311677797789e-02 5.160898603521552747e-03 1.033191661606961964e-01 2.125075895567698700e-03 2.105849018417323970e-01 2.905282331511839233e-01 1.529042703906091649e-01 6.486541185994736114e-02 1.154624569925116195e-01 1.730418943533697587e-02
1.049097775912715048e-04 3.252203105329416581e-03 1.049097775912715048e-04 2.330046160302139957e-01 1.049097775912715048e-04 1.049097775912715048e-04 1.049097775912715048e-04 4.795425933697020637e-01 2.318506084767100323e-02 1.889425094418799578e-01 7.144355853965587977e-02 1.049097775912715048e-04
2.830188679245283084e-02 2.572898799313893831e-03 6.248468512619455642e-03 1.347708894878706272e-03 3.932859593236951584e-02 1.347708894878706272e-03 1.347708894878706272e-03 4.987748100955647912e-01 6.628277382994364475e-02 1.655231560891937959e-01 8.221024258760106784e-02 1.067140406763048138e-01
1.225430720698859194e-02 1.213297743266197404e-04 6.187818490657606002e-03 1.213297743266197404e-04 1.104100946372239475e-02 3.337782091725309264e-01 1.213297743266197404e-04 3.131521475370055430e-01 1.953409366658577853e-02 2.803931084688182085e-01 2.317398689638437009e-02 1.213297743266197404e-04
3.108852910781950349e-02 8.611780916293491417e-05 2.669652084050982109e-03 8.611780916293491417e-05 6.984154323114021012e-02 2.678263864967275754e-02 8.611780916293491417e-05 1.757664485015501543e-01 1.042025490871512430e-02 1.490699276610403246e-01 5.340165346193593843e-01 8.611780916293491417e-05
3.860324903701223276e-02 8.373806732540614508e-05 1.180706749288226547e-02 1.758499413833529033e-03 8.373806732540614508e-05 2.855468095796349567e-02 8.373806732540614508e-05 4.053759839222911276e-01 2.889800703399766357e-01 1.926812929157595278e-01 3.190420365097974137e-02 8.373806732540614508e-05
2.701408959537572319e-01 9.031791907514450421e-05 1.454118497109826644e-02 7.234465317919074046e-02 1.996026011560693772e-02 4.434609826589595155e-02 9.122109826589595155e-03 2.746567919075144637e-01 1.238258670520231142e-01 7.234465317919074046e-02 9.853684971098264356e-02 9.031791907514450421e-05
1.123220640569394871e-02 1.223309608540925231e-03 1.112099644128113822e-04 1.112099644128113822e-04 1.112099644128113822e-04 1.112099644128113822e-04 2.335409252669038999e-03 5.450400355871886093e-01 3.569839857651245507e-02 2.736877224199287806e-01 1.302268683274021288e-01 1.112099644128113822e-04
2.079785940160544869e-02 1.216249087813184136e-04 1.216249087813184136e-04 1.216249087813184136e-04 1.216249087813184136e-04 1.216249087813184136e-04 1.216249087813184136e-04 5.936511797616151886e-01 7.917781561663828072e-02 1.229627827779129073e-01 7.674531744101191488e-02 1.059352955485283326e-01
6.273614943748672124e-01 1.061345786457227653e-04 1.061345786457227653e-04 1.061345786457227653e-04 1.061345786457227653e-04 4.362131182339205188e-02 1.061345786457227653e-04 1.380810868180853135e-01 1.200382084483124362e-01 1.390362980258968116e-02 5.635746126087878838e-02 1.061345786457227653e-04
2.132570162481536510e-02 9.231905465288037422e-05 9.231905465288037422e-05 6.656203840472674216e-02 9.231905465288037422e-05 5.631462333825702597e-03 3.701994091580503021e-02 1.828840472673560202e-01 4.062961595273265059e-01 2.040251107828656291e-02 2.595088626292467171e-01 9.231905465288037422e-05
1.120824927146379718e-04 1.120824927146379718e-04 1.155570499887917379e-01 1.232907419861017798e-03 1.120824927146379718e-04 1.232907419861017798e-03 1.120824927146379718e-04 3.957632817753866661e-01 1.120824927146379718e-04 3.711051333781663630e-01 6.511992826720465477e-02 4.942837928715534263e-02
1.143902997025852123e-04 6.773049645390070150e-01 1.143902997025852123e-04 1.143902997025852123e-04 1.143902997025852123e-04 1.143902997025852123e-04 1.143902997025852123e-04 1.728437428506062190e-01 1.143902997025852123e-04 1.453900709219857756e-01 3.546099290780141324e-03 1.143902997025852123e-04
1.246571927200199514e-04 6.357516828721015978e-03 2.220144602343555040e-01 1.246571927200199514e-04 1.246571927200199514e-04 1.246571927200199514e-04 1.246571927200199514e-04 4.214659685863874627e-01 1.246571927200199514e-04 3.279730740463724925e-01 2.131637995512341080e-02 1.246571927200199514e-04
2.882080078125000000e-01 1.220703125000000000e-04 1.220703125000000000e-04 6.225585937499999133e-03 7.214355468750000000e-02 1.220703125000000000e-04 1.477050781249999827e-02 3.541259765625000000e-01 5.139160156250000000e-02 1.575927734374999722e-01 5.505371093750000000e-02 1.220703125000000000e-04
1.887000662105495219e-02 3.420878393290663951e-03 1.016331935555064847e-01 1.103509159126020678e-04 4.756124475833149040e-02 1.103509159126020678e-04 1.103509159126020678e-04 4.646877069079672906e-01 4.976826307658353127e-02 2.395718384462590667e-01 7.404546457735597387e-02 1.103509159126020678e-04
1.008789452656811553e-02 6.092688773471832339e-03 7.091490211745903570e-03 1.308429884139032835e-02 3.426887734718337408e-01 9.988014382740709597e-05 9.988014382740709597e-05 3.217139432680782840e-01 6.092688773471832339e-03 2.358170195765081356e-01 5.703156212544945036e-02 9.988014382740709597e-05
5.674552429667519687e-03 7.992327365728902266e-05 7.992327365728902266e-05 3.284846547314578674e-02 7.992327365728902266e-05 7.992327365728902266e-05 2.725383631713555396e-02 1.599264705882353088e-01 3.229699488491049042e-01 1.126918158567775073e-02 4.396579283887468992e-01 7.992327365728902266e-05
1.192296383416641958e-01 1.470155836518670855e-04 1.470155836518670855e-04 1.470155836518670855e-04 1.470155836518670855e-04 1.470155836518670855e-04 1.470155836518670855e-04 2.985886503969420458e-01 5.044104675095559820e-01 5.013231402528667974e-02 2.660982064098794606e-02 1.470155836518670855e-04
1.721716772151898611e-01 9.889240506329113770e-05 9.889240506329113770e-05 1.987737341772152083e-02 9.889240506329113770e-05 9.889240506329113770e-05 3.274327531645569445e-01 6.042325949367088195e-02 1.474485759493670833e-01 4.054588607594935765e-03 2.680973101265822778e-01 9.889240506329113770e-05
