5.059880239520957446e-01 2.771380316290495902e-02 1.926915399969291939e-02 8.444649163212037670e-04 7.676953784738216064e-05 4.461077844311376883e-01
4.322400990099009577e-01 1.031353135313531230e-04 3.352929042904290169e-01 2.279290429042904118e-02 1.031353135313531230e-04 2.094678217821781818e-01
1.951021355617455766e-01 1.160631383472609103e-04 6.790854224698236186e-01 2.564995357474466123e-02 3.597957288765088382e-03 9.644846796657380317e-02
2.318118223154949642e-01 9.618747813920952745e-04 1.592339979013641105e-01 6.078174186778594335e-01 8.744316194473593774e-05 8.744316194473593774e-05
1.398372545551035129e-01 8.844861135680172153e-05 7.722448257562358753e-01 8.844861135680172153e-05 8.844861135680172153e-05 8.765257385459050699e-02
3.176058686228743627e-02 8.336112037345784140e-05 9.278926308769591680e-01 8.336112037345784140e-05 8.336112037345784140e-05 4.009669889963322215e-02
4.720101781170483179e-01 1.168170252139717584e-02 1.354383529956048882e-01 1.156604210039324408e-04 2.106176266481609716e-01 1.701364792967846040e-01
2.482981902706292432e-01 8.301510874979245967e-05 7.313631080856713984e-02 1.502573468371243455e-02 8.301510874979245967e-05 6.633737340195915433e-01
1.914321846348403244e-01 1.580777742649383619e-04 8.063547265254504826e-01 1.580777742649383619e-04 1.580777742649383619e-04 1.738855516914321981e-03
4.809772112784858611e-01 4.877365778292776510e-01 3.959057551178059992e-03 9.656237929702587725e-05 9.656237929702587725e-05 2.713402858246426880e-02
3.897040222615734684e-01 5.832279281558309103e-01 2.415886668353149289e-02 1.264862130027826837e-04 1.264862130027826837e-04 2.656210473058436168e-03
3.804272316776659002e-01 8.683570684265370812e-05 1.112365404654393902e-01 8.683570684265370812e-05 4.854984369572769021e-01 2.266411948593261699e-02
2.849122090649244265e-01 1.020824826459779420e-04 3.931196406696610413e-01 1.818089015924866936e-01 6.951817068191096238e-02 7.053899550837074151e-02
6.823610023492560073e-01 9.788566953797962604e-05 7.253328112764290125e-02 2.007635082223962197e-01 4.992169146436960941e-03 3.925215348472983062e-02
8.381189569293875374e-01 1.305303252270729186e-01 1.464986815118663691e-04 2.798124816876647672e-02 1.464986815118663691e-04 3.076472311749193968e-03
3.339416058394160114e-01 6.463074280807212801e-01 1.728209531987977624e-02 1.073422069557750032e-04 1.073422069557750032e-04 2.254186346071274973e-03
6.424696180555554692e-01 1.085069444444444384e-04 5.870225694444444059e-02 2.506510416666666435e-02 1.085069444444444384e-04 2.735460069444444198e-01
4.821742405222193550e-01 2.272156665829776212e-02 1.909364800401706919e-01 2.474265628922922011e-01 1.255335174491588985e-04 5.661561636957066629e-02
4.358008516213559558e-01 5.291516541107107452e-01 3.455617425483131083e-02 1.637733377006223001e-04 1.637733377006223001e-04 1.637733377006223001e-04
2.162719965240060827e-01 1.086248099065826721e-04 2.988268520530089067e-01 1.086248099065826721e-04 1.847708016510971052e-01 2.999131001520747297e-01
6.246495029314299563e-01 4.601070609227631003e-02 1.414733622227886539e-02 2.448381340810603657e-01 1.274534794799897844e-04 7.022686719347437379e-02
2.048038658328595607e-01 1.563388288800454879e-03 1.421262080727686106e-04 1.421262080727686106e-04 1.421262080727686106e-04 7.932063672541216359e-01
2.686170212765957577e-01 8.579272477693891262e-05 5.422958133150308502e-01 8.579272477693891262e-05 2.659574468085106318e-03 1.862560054907343721e-01
2.828525641025640969e-01 1.144688644688644688e-04 3.973214285714286031e-01 6.982600732600732080e-03 1.054258241758241621e-01 2.073031135531135383e-01
4.800953763217913894e-01 6.323864814430851106e-03 6.748911465892595829e-02 9.433962264150941301e-03 3.556914783329877539e-01 8.096620360771301927e-02
1.459830176355323139e-01 2.286087524493794765e-03 1.067929457870672727e-01 3.494448073154800966e-02 2.428695841497931496e-01 4.671238841715654178e-01
6.613485851896446777e-01 1.003411599438089368e-04 5.629139072847681724e-02 2.419225366245233433e-01 3.622315873971503064e-02 4.113987557696165663e-03
6.086910100363014386e-01 7.484518471065554346e-02 1.378389920990817641e-01 1.282297672432201330e-01 1.067691650651291749e-04 5.028827674567584033e-02
2.430260484019951817e-01 5.634583410308515762e-03 1.164788472196563590e-01 9.237021984112320921e-05 1.127840384260114376e-01 5.219841123221873325e-01
4.163794667150371720e-01 7.346272446943586353e-03 3.429167422456012582e-01 9.069472156720478635e-05 9.069472156720478635e-05 2.331761291492835120e-01
1.775475447062162815e-01 1.419244961680385993e-04 7.523417541867726266e-01 1.419244961680385993e-04 1.419244961680385993e-04 6.968492761850694772e-02
2.233143487047584141e-01 9.186110600771635174e-05 2.397574866801396518e-02 9.186110600771635174e-05 4.373507257027375306e-01 3.151754547124747674e-01
6.285115820601280268e-01 3.549778215869886511e-01 1.614095613602759688e-02 1.232134056185312768e-04 1.232134056185312768e-04 1.232134056185312768e-04
6.605870925965896534e-01 1.079214331966328475e-04 8.536585365853656404e-02 7.781135333477226523e-02 7.889056766673858967e-02 9.723721131016617447e-02
4.228373086507654643e-01 8.899964400142401264e-05 2.555179779280883356e-01 8.899964400142401264e-05 2.955678177287291430e-01 2.589889640441438504e-02
9.127389951089371900e-01 9.004001778568250861e-03 7.892396620720318334e-03 5.791462872387727334e-02 1.111605157847932255e-04 1.233881725211204670e-02
2.692070665571076327e-01 1.027115858668857800e-04 5.896672144617912670e-01 2.886195562859490346e-02 1.550944946589975088e-02 9.665160230073950587e-02
8.228793309438468817e-02 1.493428912783751402e-04 8.782855436081240530e-01 1.493428912783751402e-04 1.493428912783751402e-04 3.897849462365590711e-02
7.090930902111323153e-01 1.931381957773512306e-02 6.609884836852206180e-02 4.330614203454893896e-02 6.118042226487522932e-03 1.560700575815738567e-01
6.202048823016563794e-01 2.953356582388840315e-02 1.089799476896250997e-04 1.645597210113338912e-02 1.221665213600697242e-01 2.115300784655622934e-01
2.283283823926545997e-01 1.350256548744261330e-04 1.378611936267890858e-01 2.835538752362949146e-03 1.093707804482851702e-02 6.199027815284904319e-01
3.908735696343845767e-01 1.395478649176667410e-04 3.657549539492045421e-01 1.395478649176667410e-04 1.173597543957577150e-01 1.257326262908177172e-01
6.133453381352540479e-01 1.000400160064025541e-04 7.012805122048818007e-02 2.111844737895157698e-01 1.000400160064025541e-04 1.051420568227290769e-01
6.634962677582469937e-01 8.548037563207318973e-03 2.419937394654466528e-02 2.818444497953286332e-01 1.203948952564411098e-04 2.179147604141584357e-02
4.665541881699086790e-01 3.474593092497022528e-01 4.674473997618101839e-02 1.796347757046446933e-02 2.888050813815005655e-02 9.239777689559347529e-02
2.363992623328722842e-01 1.152604887044721041e-04 7.631396957123097735e-01 1.152604887044721041e-04 1.152604887044721041e-04 1.152604887044721041e-04
7.192458273233051091e-01 2.247063671955490949e-01 1.143622501545435606e-02 9.375643931588706695e-03 1.030290541932825035e-04 3.513290747990933244e-02
6.478956031036914309e-01 1.422525276275569961e-02 2.611098048436397145e-01 1.422525276275569961e-02 1.187397131436632690e-02 5.067011521279096709e-02
1.039842005838914618e-01 2.379357719388631720e-01 5.504035720419028083e-02 8.586639189421261848e-05 5.788253477588872764e-01 2.412845612227374620e-02
5.521823681936041117e-01 1.080380293863439828e-04 7.033275713050991806e-02 1.847450302506482150e-02 3.036949006050129185e-01 5.520743301642177386e-02
6.095345038791343262e-01 2.143732135565536850e-03 1.235198040016332981e-02 2.787872601061657796e-01 3.164556962025315973e-03 9.401796651694567519e-02
4.605981485877047032e-01 1.186802753382387764e-04 4.629717540944694454e-01 1.186802753382387764e-04 7.607405649181103735e-02 1.186802753382387764e-04
5.074327512977818699e-01 6.500707881075978856e-02 4.023124115148654645e-02 1.073619631901840191e-02 1.179801793298725717e-04 3.764747522416233561e-01
5.756826741996232677e-01 4.179613935969867522e-01 1.177024482109227687e-04 1.177024482109227687e-04 1.177024482109227687e-04 6.002824858757060608e-03
3.239931813339015365e-01 1.395695717025356719e-02 2.302365224802897514e-01 9.492861708928189424e-02 2.248028979330918276e-02 3.144044321329639846e-01
5.465734541157936111e-01 9.846396218983851549e-05 1.960417487199684616e-01 5.021662071681763477e-03 1.940724694761716829e-01 5.819220165419455859e-02
7.206287287746672154e-01 1.617714547957778415e-02 6.998623221661310657e-03 2.261358421294171195e-01 1.147315282239559322e-04 2.994492886645249916e-02
4.718245227606462922e-01 4.608113069016154251e-01 3.772026431718063233e-02 1.009544787077827199e-03 7.433920704845817240e-03 2.120044052863436987e-02
4.830113832355984460e-01 8.623663332183511220e-05 2.087788892721627876e-01 1.441014142807864606e-01 3.199379096240082682e-02 1.320282856157295459e-01
5.617629422346591683e-01 9.994003597841293887e-05 1.130321806915850213e-01 9.994003597841293887e-05 2.589446332200679435e-01 6.606036378173094081e-02
4.165868836764001770e-01 3.721876495931067397e-02 1.245811393011009849e-01 1.196744853997127673e-04 3.998324557204403495e-01 2.166108185734801073e-02
2.085751128304319801e-01 1.074575542660649141e-04 7.909950569525037167e-01 1.074575542660649141e-04 1.074575542660649141e-04 1.074575542660649141e-04
4.392465069860279070e-01 1.247504990019959975e-04 4.378742514970059008e-02 1.247504990019959975e-04 3.494261477045907949e-01 1.672904191616766123e-01
4.368235590234079702e-01 4.380820538635791239e-01 3.284671532846714787e-02 4.669015857034985312e-02 1.258494840171155117e-04 4.543166373017869936e-02
4.211794401101422447e-01 1.262046810463515268e-03 4.223267553923817919e-01 3.109224414869205672e-02 1.147315282239559322e-04 1.240247820100963544e-01
5.608376339817386924e-01 9.924573243350535534e-05 8.346566097657799610e-02 3.266177054386661394e-01 9.924573243350535534e-05 2.888050813815005655e-02
3.328378687399953795e-01 1.269151612165561084e-02 3.271209695860964883e-01 1.143379830779784923e-04 7.214726732220443084e-02 2.550880402469700159e-01
4.490131578947367808e-01 4.867453560371516330e-01 5.901702786377707732e-03 9.674922600619194270e-05 9.674922600619194270e-05 5.814628482972135359e-02
6.223614775725593296e-01 3.057387862796833722e-01 4.518469656992083611e-02 1.099384344766930435e-04 1.099384344766930435e-04 2.649516270888302438e-02
6.650600039346842296e-01 5.124926224670469516e-02 9.551445996458782228e-02 9.836710603974030431e-05 4.829824906551248576e-02 1.397796576824709702e-01
7.335281079991939901e-01 1.319766270400966890e-02 4.442877291960507097e-02 1.290550070521861437e-01 3.123111021559540207e-03 7.666733830344547862e-02
5.934587217043940655e-01 4.244340878828228164e-03 7.573235685752329263e-03 8.322237017310252206e-05 2.380992010652463187e-01 1.565412782956058235e-01
3.440871158151841969e-01 6.208019539995927698e-03 1.710767351923468127e-01 8.355383675961731982e-02 8.762466924486055075e-02 3.074496234479950907e-01
4.183000194061711197e-01 6.889190762662525044e-03 3.930719968950125986e-01 9.703085581214825094e-05 9.703085581214825094e-05 1.815447312245293821e-01
3.553658022348724077e-01 5.957200084334808299e-01 1.064726966055239143e-02 1.054185114906177364e-04 1.054185114906177364e-04 3.805608264811300573e-02
6.484107020352160022e-01 9.261376629316257075e-03 9.501486393780012030e-02 1.601875142922478401e-01 1.143379830779784923e-04 8.701120512234161719e-02
5.586848927645533536e-01 1.178411501296252559e-04 1.356351637991986547e-01 1.178411501296252559e-04 2.122319113834550686e-01 9.321234975253356314e-02
3.327724566399171136e-01 1.294330830960393325e-04 6.550608335490550882e-01 1.294330830960393325e-04 1.177841056173957804e-02 1.294330830960393325e-04
4.447532236549577300e-01 1.111605157847932255e-04 1.023788350377945466e-01 1.111605157847932255e-04 3.702756780791462421e-01 8.236994219653177851e-02
6.162107167081165571e-01 3.109880171829075279e-01 2.385258874067374898e-02 1.130454442685959642e-04 1.130454442685959642e-04 4.872258647976485807e-02
3.639852188743604167e-01 1.421262080727686106e-04 3.497725980670834955e-01 5.827174530983511569e-03 1.678510517339396879e-01 1.124218305855599481e-01
6.562662958456457751e-01 2.251868590300712958e-01 7.039805318964018933e-03 6.170693551190683038e-03 8.691117677733357059e-05 1.052494350773509474e-01
5.508227176220805710e-01 3.809713375796178192e-01 3.463375796178343180e-02 5.440552016985136796e-03 1.074840764331209952e-02 1.738322717622080293e-02
6.263195777351246996e-01 2.519193857965450721e-03 1.764635316698656142e-01 1.524712092130517949e-01 1.199616122840690800e-04 4.210652591170824938e-02
2.843771272974812692e-01 1.872021783526208296e-03 6.655888359428182577e-01 1.701837985023825896e-04 1.701837985023825896e-04 4.782164737916950320e-02
4.146021915197712904e-01 1.191043353978084611e-04 4.562887089090042481e-01 1.322058122915673907e-02 1.191043353978084611e-04 1.156503096712720030e-01
3.377693282636248240e-01 1.729132717725873417e-02 3.522542096686583357e-01 9.053050878145934806e-05 6.889371718269055034e-02 2.237008871989860370e-01
2.119398403928790531e-01 1.396562308164518013e-02 1.720380601596070980e-01 7.228360957642725182e-02 2.624309392265193608e-02 5.035297728667894601e-01
6.879990873830709175e-01 1.254848277435546356e-03 1.552589550536162266e-01 1.130504220853296576e-01 1.140771161305042055e-04 4.232261008441706024e-02
1.885171790235081191e-01 3.164556962025316406e-03 3.030440024110909736e-01 1.506931886678722072e-04 1.069921639541892601e-02 4.944243520192887487e-01
5.266350210970465184e-01 1.503164556962025521e-02 5.107243319268636034e-02 3.876582278481013194e-02 2.919303797468355000e-01 7.656469760900140586e-02
7.154428781822006478e-01 8.520934146854616115e-03 4.218388386282347774e-02 2.010309278350514983e-01 1.051967178624026872e-04 3.271617925520723530e-02
4.094064145524173859e-01 1.196744853997127673e-04 3.758975586404977864e-01 1.377453326950693890e-01 1.196744853997127673e-04 7.671134514121587256e-02
2.928200692041522113e-01 1.167820069204152100e-02 1.441753171856978129e-04 5.177335640138408523e-01 9.385813148788926807e-02 8.376585928489042876e-02
5.556599832915621873e-01 2.987677527151211265e-01 9.408939014202169493e-02 1.044277360066833693e-04 1.044277360066833693e-04 5.127401837928153433e-02
6.401825415399016173e-01 1.170138076293002416e-04 4.341212263047038861e-02 1.943599344722676814e-01 1.170138076293002416e-04 1.218113737421015474e-01
5.565834104224482576e-02 1.541782300339191998e-04 4.332408263953128891e-02 8.928461301264259964e-01 1.541782300339191998e-04 7.863089731729878268e-03
4.144917582417582125e-01 2.644230769230768857e-02 4.660027472527472070e-01 1.144688644688644552e-04 2.758699633699633266e-02 6.536172161172160155e-02
5.086225956223744404e-01 1.105460977227503783e-04 2.885253150563784827e-02 1.105460977227503783e-04 3.682290515144814869e-01 9.407472916206055524e-02
6.243111487918608926e-01 1.059771089444679813e-04 7.217041119118268455e-02 5.404832556167867008e-03 2.788257736328952907e-01 1.918185671894870672e-02
7.516413268832066175e-01 8.638562543192812419e-05 7.437802349689009995e-02 3.464063579820317318e-02 1.649965445749827092e-02 1.227539737387698532e-01
6.407085561497325443e-01 3.453654188948306232e-03 9.258021390374329695e-02 3.130570409982174479e-02 1.070632798573974837e-01 1.248885918003564827e-01
6.987191927032795347e-01 6.889190762662525044e-03 5.249369299437220415e-02 2.155055307587812607e-01 9.703085581214825094e-05 2.629536192509217621e-02
4.282224290367612207e-01 1.163331782224290284e-04 1.443694741740343956e-01 1.163331782224290284e-04 3.595858538855281061e-01 6.758957654723125874e-02
2.407498362802881486e-01 1.719056974459724774e-03 7.948592010478060244e-02 8.185985592665355871e-05 4.346758349705304170e-02 6.344957432874918091e-01
5.118904015164569277e-01 3.051008099259003847e-01 1.042564190935722779e-02 8.616232982939858124e-05 9.477856281233843936e-04 1.715491986903325550e-01
2.411459299091414654e-01 9.271277582050805905e-05 9.651399962914887498e-02 9.271277582050805905e-05 3.903207862043388959e-02 6.231225662896346940e-01
6.526351813826145598e-01 7.084188911704311642e-02 1.221765913757699995e-01 3.536390600045630304e-03 1.836641569701117846e-02 1.324435318275153650e-01
7.000890273759180493e-01 1.113955041175161143e-01 5.797907856665924370e-02 1.091698197195637432e-01 1.112842198976185065e-04 2.125528600044513522e-02
6.417565485362094480e-01 2.311248073959938122e-03 1.343825665859564034e-01 1.343825665859564034e-01 1.100594320933303926e-04 8.705701078582432639e-02
5.274864024864024392e-01 9.712509712509711146e-05 3.419774669774669484e-01 3.214840714840714458e-02 5.934343434343433699e-02 3.894716394716394442e-02
6.036504130029308746e-01 6.541433519850785305e-02 1.719957367439381435e-01 8.273381294964027299e-02 3.477218225419664160e-02 4.143351985078603389e-02
4.229887691955076523e-01 1.146000458400183255e-04 2.705707082282832188e-01 3.220261288104515202e-02 3.220261288104515202e-02 2.419206967682786535e-01
3.524706358849736265e-01 1.012555690562980874e-04 1.914742810854596633e-01 1.965370595382745778e-01 9.730660186310245707e-02 1.621101660591332261e-01
6.352089019525508640e-01 6.938904052068023409e-02 1.049758555532227534e-04 1.049758555532227534e-04 1.270207852193995166e-02 2.824900272937224122e-01
7.897253555664540681e-01 1.226091221186856111e-04 3.813143697891122758e-02 1.226091221186856111e-04 7.246199117214319196e-02 9.943599803825402261e-02
5.635016998542980993e-01 1.214181641573579225e-04 9.725594949004369438e-02 3.097377367654200464e-01 2.926177756192326063e-02 1.214181641573579225e-04
3.955712562467689764e-01 8.616232982939859479e-05 1.396691366534551226e-01 8.616232982939859479e-05 3.645528175081854672e-01 1.000344649319317575e-01
5.547084450402145483e-01 7.623994638069704968e-03 1.274296246648793651e-01 2.321548257372654522e-01 8.378016085790886234e-05 7.799932975871314011e-02
3.597505873847822166e-01 2.900777155250315945e-02 3.227001626604011908e-01 5.340683173685160934e-02 4.437014277968551884e-02 1.907645038857762321e-01
7.713109281103938120e-01 1.569107500556420759e-02 5.575339416870687265e-02 2.125528600044513522e-02 1.112842198976185065e-04 1.358780324949921958e-01
7.072784810126581112e-01 1.217137293086660083e-04 1.145326192794546977e-01 1.157497565725413569e-01 1.217137293086660083e-04 6.219571567672832479e-02
1.233007646559048376e-01 1.062022090059473256e-04 7.902506372132540591e-01 8.602378929481731967e-03 3.292268479184367203e-03 7.444774851316907083e-02
2.042305560687234511e-01 9.237021984112323632e-05 1.700535747275078724e-01 2.318492518012193332e-02 9.237021984112323632e-05 6.023462035839646234e-01
7.313817855540600821e-01 1.526469268730372142e-01 2.030058322117541184e-02 3.824585015702108154e-02 1.121579183490354248e-04 5.731269627635710018e-02
2.702609890109889390e-01 7.121108058608057734e-01 1.144688644688644552e-04 1.144688644688644552e-04 1.259157509157509021e-03 1.614010989010988828e-02
6.625499001996006943e-01 2.957834331337324540e-01 1.247504990019959975e-04 8.857285429141714683e-03 1.372255489021955918e-03 3.131237524950099271e-02
4.765453212802344685e-01 1.966772538480332164e-02 3.641583190813583726e-01 3.786953334962130102e-03 9.418519423405811997e-02 4.165648668458343112e-02
6.979902826855123310e-01 2.882067137809186941e-02 7.851148409893990432e-02 1.104240282685512218e-04 5.863515901060070007e-02 1.359319787985865391e-01
5.587647411553067212e-01 3.208075154907055748e-02 2.508494903058165054e-02 6.096342194683189095e-03 3.219068558864681129e-01 5.606636018388966303e-02
1.719974412282104792e-01 7.996161842315689747e-05 7.684311530465376405e-02 4.725731648808572521e-02 7.996161842315689747e-05 7.037422037422038645e-01
3.268098881695114533e-01 1.471453796350794506e-04 6.358151854031783845e-01 1.471453796350794506e-04 1.471453796350794506e-04 3.693349028840494513e-02
6.342766673263405819e-02 9.895111814763506229e-05 2.672669701167623146e-01 9.895111814763506229e-05 4.363744310310706254e-02 6.254700178112011510e-01
7.084567734985186549e-01 2.586856988957715320e-01 5.521141933746294937e-03 1.346619983840560144e-04 1.346619983840560144e-04 2.706706167519525724e-02
8.583098023396530385e-01 2.228721258572004607e-02 2.027027027027026793e-02 8.168616377571600792e-03 1.008471157724889045e-04 9.086325131101248564e-02
4.515167930660888285e-01 9.028530155290717728e-05 3.458829902491873942e-01 4.342723004694835215e-02 6.599855543517514633e-02 9.308414590104729935e-02
6.991943866943866048e-01 1.299376299376299177e-04 5.210498960498959747e-02 7.549376299376298061e-02 5.327442827442826004e-03 1.677494802494802206e-01
1.199125142639787256e-01 9.509319132750098096e-05 8.321605173069610561e-01 3.052491441612781645e-02 9.509319132750098096e-05 1.721186763027767949e-02
4.555713704758031501e-01 5.033550223668157297e-01 1.433509556730377943e-02 1.016673444489629783e-04 5.185034566897111542e-03 2.145180967873119154e-02
6.566547565877622894e-01 1.016078606520767931e-02 1.351049575703438740e-02 1.116569897275569392e-04 2.132648503796337469e-02 2.982358195623046049e-01
2.180967549273342410e-01 5.076647421859445918e-03 5.882938482978299077e-02 9.954210631096952540e-05 9.954210631096952540e-05 7.177981286084013091e-01
3.601135947233420342e-01 5.992121656284354891e-01 7.420300476364970373e-03 9.160864785635766628e-05 1.007695126419934492e-03 3.215463539758154493e-02
5.772996124821537789e-01 1.019783805833163317e-04 1.489904140322251547e-01 2.693249031205384170e-01 1.019783805833163317e-04 4.181113603915968639e-03
2.058546908064895209e-01 1.175640724194686166e-04 7.454737832118504270e-01 1.293204796614154687e-03 7.171408417587584946e-03 4.008934869503879422e-02
3.579079307201458171e-01 5.128760255241567867e-01 3.315861440291704293e-02 1.139471285323609683e-04 1.139471285323609683e-04 9.582953509571556783e-02
5.661198865937625557e-01 1.772985014175779417e-01 7.908059943296880112e-02 2.126366950182259890e-03 6.186715269339813222e-02 1.135074929121101389e-01
7.299897383273472595e-01 2.579527963057978157e-01 1.410979989738327242e-03 1.282709081580297517e-04 1.410979989738327242e-03 9.107234479220110285e-03
3.335615098767846232e-01 9.778994719342850369e-05 4.812243301388616779e-01 7.930764717387051022e-02 5.192646195971053341e-02 5.388226090357910864e-02
2.324308755760368939e-01 9.600614439324118090e-05 1.028225806451612961e-01 5.856374807987711588e-03 3.936251920122887590e-03 6.548579109062980796e-01
6.253813300793165976e-03 1.525320317266625934e-04 3.370957901159243875e-02 9.565283709579011084e-01 1.525320317266625934e-04 3.203172666259914651e-03
7.338103322823186225e-01 3.528983749696822103e-02 3.043900072762551270e-02 1.699005578462284283e-01 1.212709192335677732e-04 3.043900072762551270e-02
6.854498594189315508e-01 1.171508903467666246e-04 8.446579194001872792e-02 2.297328959700093154e-01 1.171508903467666246e-04 1.171508903467666246e-04
2.647586578144625613e-01 8.971828458639870111e-05 6.272205275435133176e-01 9.869011304503858342e-04 8.971828458639870111e-05 1.068544769424008417e-01
6.150710458886559096e-01 8.269275564873047185e-03 2.445842068483577471e-03 5.951549033310038483e-02 2.971115769857907707e-01 1.758676915909620012e-02
6.911466961163263700e-02 9.203018590097554680e-05 8.799006073992272636e-01 9.203018590097554680e-05 1.932633903920486645e-03 4.886802871341801996e-02
7.340827508029473814e-01 3.873039863971282967e-03 6.716417910447761153e-02 1.729642924617419419e-01 9.446438692612886838e-05 2.182127337993576902e-02
5.118159203980100491e-01 2.229921819474058736e-02 4.274164889836531978e-01 8.884150675195452501e-05 8.884150675195452501e-05 3.829068941009240029e-02
5.021161533035504165e-01 4.550905243357629693e-01 2.127909710792381601e-02 1.175640724194686030e-04 1.175640724194686030e-04 2.127909710792381601e-02
4.019794896255663996e-01 5.748867159551632744e-01 1.192463629859289153e-04 1.192463629859289153e-04 1.192463629859289153e-04 2.277605533031242316e-02
1.229521109010711793e-01 8.664146187775677342e-04 2.316477630749842476e-01 7.876496534341525103e-05 6.379962192816634493e-03 6.380749842470069266e-01
2.548876871880199624e-01 1.039933444259567413e-04 8.121880199667221023e-02 1.039933444259567413e-04 1.061772046589018192e-01 5.575083194675540810e-01
7.067186183656275489e-01 1.158382476832350415e-03 2.011373209772535781e-02 2.486310025273799074e-01 1.053074978938500365e-04 2.327295703454085665e-02
6.091502014195280257e-01 9.591406100134278819e-05 2.542681757145597299e-01 9.591406100134278819e-05 4.891617111068481683e-03 1.314981776328409402e-01
4.926274831046487113e-01 2.212779029285275034e-01 1.023960679909891410e-04 6.246160147450336396e-03 3.696498054474707529e-02 2.427810772066352207e-01
5.344349891153769017e-01 9.895111814763506229e-05 1.227983376212151007e-01 5.254304373639421405e-02 1.198298040767860478e-01 1.702948743320799319e-01
2.229283591944536125e-01 9.078903928689336300e-04 4.416474083856057886e-01 8.253549026081213956e-05 8.253549026081213956e-05 3.343512710465499915e-01
2.286207596993702906e-01 1.015640869388584208e-04 6.713386146658541220e-02 1.015640869388584208e-04 1.015640869388584208e-04 7.039406865732277252e-01
8.048064375815571214e-01 9.895606785558936844e-03 1.533275337103088068e-02 1.087429317094388724e-04 1.327751196172248516e-01 3.708133971291865949e-02
5.075171346451470278e-01 1.105460977227503783e-04 2.422065001105460635e-01 1.725624585452133208e-01 2.321468052177757917e-03 7.528189254919299966e-02
2.746235884567126417e-01 1.568381430363864648e-04 1.319008782936010038e-01 1.740903387703889374e-02 1.568381430363864648e-04 5.757528230865747165e-01
3.985947986577180746e-01 1.153523489932885759e-03 2.507340604026845332e-01 1.028733221476509918e-01 1.941065436241610487e-01 5.253775167785234429e-02
3.353454919085537833e-01 1.284356537374775219e-04 5.792447983560235214e-02 1.284356537374775219e-04 5.524017467248907298e-01 5.407141022347802806e-02
5.843399956072918844e-01 1.098177026136613123e-04 3.075993850208653679e-01 5.721502306171754454e-02 1.098177026136613123e-04 5.062596090489786260e-02
5.305798993100877547e-01 1.957859407048294104e-03 4.252284169308223616e-01 3.552116352787619558e-02 9.323140033563305452e-05 6.619429423829946424e-03
3.179602184087363392e-01 3.227379095163806361e-02 5.469968798751949357e-02 4.242394695787831127e-01 1.179797191887675331e-02 1.590288611544461439e-01
2.352378348824493981e-01 1.366867140513941970e-04 9.034991798797155360e-02 8.488244942591580133e-02 1.366867140513941970e-04 5.892564242755604642e-01
3.992248062015503196e-01 4.751650875681882880e-02 4.968418030433533472e-01 1.579098478323284326e-03 7.321274763135226030e-03 4.751650875681882880e-02
4.219680953296174875e-01 4.065923505669805649e-01 5.775514126465500220e-02 9.609840476648087184e-05 5.487218912166057228e-02 5.871612531231980986e-02
1.084132384781936187e-01 1.546551190844417051e-04 3.572533250850603442e-02 8.553974636560470746e-01 1.546551190844417051e-04 1.546551190844417051e-04
5.129526830557757933e-01 1.321702352630187594e-04 1.745968807824477553e-01 1.243721913825006353e-01 1.321702352630187594e-04 1.878139043087496407e-01
3.720227189446683735e-01 9.160864785635763918e-05 1.384206669109563637e-01 9.160864785635763918e-05 3.115610113594723396e-01 1.778123854891901501e-01
4.174170876345266734e-01 1.098177026136613123e-04 1.494618932571930292e-01 1.098177026136613123e-04 3.482319349879200443e-01 8.466944871513286397e-02
5.660635388175888627e-01 2.640437618346307483e-02 3.376814643383126147e-02 1.051967178624026872e-04 2.126025667999157931e-01 1.610561750473384901e-01
4.438281565147236263e-01 3.842275110931826776e-02 2.270068576038724861e-01 2.320492133924969280e-01 2.117789431222266792e-03 5.657523194836627106e-02
3.617808798646361956e-01 5.722292724196277325e-01 1.914128595600676774e-02 1.057529610829103178e-04 1.057529610829103178e-04 4.663705583756344586e-02
6.343722755013077030e-01 1.198779424585876083e-03 6.876634699215343483e-02 1.799258936355710159e-01 3.825196163905841135e-02 7.748474280732343955e-02
5.224337185588034949e-01 3.512349875368229839e-03 1.360752322682981796e-01 1.710854294130976366e-02 2.799682755495127573e-01 4.090188080670745241e-02
5.035505959928987529e-01 3.436469693127060243e-02 2.168399695663200330e-02 6.467156987065684343e-03 1.827288866345421758e-01 2.512046664975906007e-01
6.800612773980673209e-01 1.178411501296252559e-04 3.900542069290596076e-02 2.051614423756775440e-01 1.178411501296252559e-04 7.553617723308977960e-02
2.804243394715771887e-01 2.001601281024819722e-04 6.226981585268214214e-01 4.223378702962369419e-02 2.001601281024819722e-04 5.424339471577261512e-02
6.617243957139296029e-01 3.999501619735858216e-02 5.120857214054323064e-02 1.994767007226513345e-01 1.370545726389234926e-03 4.622476949912782823e-02
7.000942729201036219e-01 5.903841621494224784e-02 1.650954513316049699e-01 3.653075654018382839e-03 1.178411501296252559e-04 7.200094272920103122e-02
1.391491893499925692e-01 7.437156031533542647e-05 4.544102335266994586e-02 7.437156031533542647e-05 7.437156031533542647e-05 8.151866726163914390e-01
2.413670766319772898e-01 1.182592242194891200e-04 4.849810785241249200e-01 1.550378429517502155e-01 3.559602649006622654e-02 8.289971617786186242e-02
3.653567984570877392e-01 1.205400192864030762e-04 3.412487945998071148e-01 1.205400192864030762e-04 2.219141755062680466e-01 7.123915139826421383e-02
3.097059526655510098e-01 1.195314367678699364e-04 4.997609371264641887e-01 9.813530958642120716e-02 3.717427683480754863e-02 5.510399234998804296e-02
5.916423930091865291e-01 1.467622675330494848e-02 7.405332735827917234e-02 2.421017252968854505e-01 1.579654940622899142e-02 6.172977817611471213e-02
6.643707681531635378e-01 2.346486107868316420e-02 2.930189119775857692e-02 1.167406023815082783e-04 1.167406023815082783e-04 2.826289983656314897e-01
4.302562362124555673e-01 4.803156287120313728e-01 1.620566774138809327e-02 1.781774987273036402e-03 1.790259630069574587e-02 5.353809604615647477e-02
5.472192127121704441e-01 9.028530155290717728e-05 9.127843986998915304e-02 6.410256410256409167e-03 1.933008306247742669e-01 1.617009750812567481e-01
5.205548805184284644e-01 5.164034021871201537e-03 3.575334143377885687e-01 1.012555690562980874e-04 1.064196030781692781e-01 1.022681247468610645e-02
5.918039803124330867e-01 1.176974106569655346e-03 5.039589129039160481e-02 3.307297239460731397e-01 1.069976460517868484e-04 2.578643269848063246e-02
6.681488415633043965e-02 8.307980341680317252e-03 5.500819096653404294e-01 1.170138076293002416e-04 1.170138076293002416e-04 3.745611982213901126e-01
7.036430223592907707e-01 9.637625289128759595e-05 1.937162683114880893e-02 2.699498843484965938e-01 9.637625289128759595e-05 6.842713955281419340e-03
6.358401084010839588e-01 2.043812104787714329e-02 2.598238482384823134e-01 3.500451671183377883e-03 1.129177958446251083e-04 8.028455284552843407e-02
7.398164726947179526e-01 5.707251566696507419e-03 6.837511190689345153e-02 9.747090420769917440e-02 1.119068934646374076e-04 8.851835273052817421e-02
1.829776993422108089e-01 8.021819348628269719e-05 3.209529921386170548e-01 1.451949302101716854e-02 8.021819348628269719e-05 4.813893791111824583e-01
1.105669028761984141e-01 1.042100875364735329e-04 1.105669028761984141e-01 1.781992496873697346e-02 6.420383493122134855e-01 1.189037098791162900e-01
1.943753884400248322e-01 7.924176507147296170e-03 4.243318831572405192e-01 1.258545680546923479e-02 1.553760099440646531e-04 3.606277190801739918e-01
5.522915404805167627e-01 4.138905713708861990e-03 1.464768826973551208e-01 2.119927316777710149e-03 1.262870987280435842e-01 1.686856450635977889e-01
4.969887763482068732e-01 1.245551601423487177e-02 9.047358335614560931e-02 2.437722419928824991e-01 1.368738023542293914e-04 1.561730084861757129e-01
3.747269550021843365e-01 1.092179991262559943e-04 1.759501965923983835e-01 3.833551769331585563e-02 7.656181738750544863e-02 3.343162953254696368e-01
7.657764376480722390e-01 1.821020891664871522e-01 2.056859788929571095e-02 1.184578936032737364e-03 1.076889941847943070e-04 3.026060736592720013e-02
5.852565843062720319e-01 2.850936736356230860e-03 3.150963888134672430e-01 1.357588922074395583e-04 2.185718164539776978e-02 7.480314960629920462e-02
2.425982644206227390e-01 1.288922919857069839e-02 1.022205206738131533e-01 1.276161306789178203e-04 1.276161306789178203e-04 6.420367534456354885e-01
4.296005836221048479e-01 5.253510851723510733e-01 2.826919569578698662e-03 2.471274849534926821e-02 1.003100492431151236e-03 1.650556264818530544e-02
2.461386494252874035e-01 8.979885057471265598e-05 2.164152298850574932e-02 8.979885057471265598e-05 7.319504310344828735e-01 8.979885057471265598e-05
5.320223511712872666e-01 4.405759724908660420e-03 9.252095422308186101e-02 1.978293574038254565e-01 1.074575542660649005e-04 1.731141199226305383e-01
2.540020010005002438e-01 1.250625312656328074e-04 6.879689844922460829e-01 1.375687843921960963e-03 1.250625312656328074e-04 5.640320160080040252e-02
4.438681420009220613e-01 1.152604887044720905e-04 3.101659751037343926e-01 1.199861687413554395e-01 4.967727063162747508e-02 7.618718303365604183e-02
6.634615384615384359e-01 3.090968020743301570e-01 1.080380293863439828e-04 1.080380293863439828e-04 2.268798617113223625e-03 2.495678478824546118e-02
6.110573433341397465e-01 8.589402371158962393e-03 2.673602709895958954e-02 2.045729494314057206e-01 1.209774981853375101e-04 1.489233002661504712e-01
6.522337497353376534e-01 1.058649163667160575e-04 5.515562142705906362e-02 1.769002752487825181e-01 1.058649163667160575e-04 1.154986237560872153e-01
4.265359741309619479e-01 2.365602263540824146e-01 2.254446240905415844e-01 3.546887631366207883e-02 1.424818108326596396e-02 6.174211802748584554e-02
4.705271112790477828e-01 9.446438692612884127e-05 1.210088796523710319e-01 3.315699981107122357e-02 9.446438692612884127e-05 3.751180804836576343e-01
3.875875656742556741e-01 6.075963222416811416e-01 2.298598949211908514e-03 1.094570928196146982e-04 1.094570928196146982e-04 2.298598949211908514e-03
8.389995143273432099e-02 1.214181641573579496e-04 4.868868382710053733e-02 6.192326372025254086e-03 1.214181641573579496e-04 8.609762020398251670e-01
1.600997105178514068e-01 8.041170794467675774e-05 2.686555162431650268e-01 3.296880025731746457e-03 8.041170794467675774e-05 5.677870697973625980e-01
4.630537400145243176e-01 1.824618736383442144e-02 1.461510530137981149e-02 9.077705156136528660e-05 6.445170660856934346e-03 4.975490196078430905e-01
1.656256506350197721e-01 1.041016031646887390e-04 9.587757651467831987e-02 2.186133666458463330e-03 4.820945242556735622e-01 2.541120133250052149e-01
4.872524470748918479e-01 4.189619849760983228e-01 2.287730480309583397e-02 1.138174368313225502e-04 1.149556111996357689e-02 5.929888458911904831e-02
7.200306815691430717e-01 1.095770326539557228e-04 1.885820731974577891e-01 6.147271531886915746e-02 1.095770326539557228e-04 2.969537584922200130e-02
6.250982704402514578e-01 9.827044025157231878e-05 2.369300314465408452e-01 4.431996855345911313e-02 9.827044025157231878e-05 9.345518867924526574e-02
1.342057212416311596e-01 3.043213633597078574e-04 1.552038953134509888e-02 3.043213633597078574e-04 3.043213633597078574e-04 8.493609251369446111e-01
1.525320317266625934e-04 1.525320317266625934e-04 1.525320317266625934e-04 7.779133618059791422e-03 9.916107382550335414e-01 1.525320317266625934e-04
8.625291062152966592e-01 5.463012717177146392e-03 6.098871574422354974e-02 8.955758552749420315e-05 2.427010567795093166e-02 4.665950205982448418e-02
5.468170139880101921e-01 5.852126748501282685e-03 3.198686839851554997e-01 1.427347987439337525e-04 1.298886668569797058e-02 1.143305737938909161e-01
4.210004407227853074e-01 3.867342441604230269e-02 4.528426619656236024e-02 1.101806963420008716e-04 2.502203613926839432e-01 2.447113265755839207e-01
6.563099808061420015e-01 6.118042226487522932e-03 7.209692898272551664e-02 2.651151631477926748e-02 2.388435700575815279e-01 1.199616122840690800e-04
5.592224231464737461e-01 6.178420735382758600e-03 6.178420735382758600e-03 1.823387582881253258e-02 3.241410488245930477e-01 8.604581072935502117e-02
3.798720767539476295e-01 2.108734759144513179e-02 5.706576054367378664e-02 1.099340395762542395e-03 4.818109134519287795e-01 5.906456126324204775e-02
3.912985630654602920e-01 5.868813198509844620e-01 1.330494944119212271e-04 1.330494944119212271e-04 6.785524215007981280e-03 1.476849387972325317e-02
5.885697187312985967e-01 9.974067424695789801e-05 1.447237183323359100e-01 1.636744464392579090e-01 9.974067424695789801e-05 1.028326351486135853e-01
4.900369761709120198e-01 1.027115858668857800e-04 1.058956450287592277e-01 1.027115858668857800e-04 2.096343467543138606e-01 1.942276088742809770e-01
3.540289003183932914e-01 1.849130541268674544e-02 2.695322067107518427e-01 2.571638501102130499e-03 2.536125397991672026e-01 1.017634092578985766e-01
4.988310929281121742e-01 9.740892265731540415e-05 3.215468536917981401e-01 9.740892265731540415e-05 9.068770699396062895e-02 8.873952854081432196e-02
5.187644950453299542e-01 2.329749103942652111e-02 6.230234029095508413e-02 2.878979548808770494e-01 4.322158971115326598e-03 1.034155597722959952e-01
3.644906033630069264e-01 2.983844378503132388e-02 2.556874381800197660e-01 2.159577975601714370e-02 1.648532805802835506e-04 3.282228816353445211e-01
5.129255989911727376e-01 2.575662042875156987e-01 1.713955443463639761e-01 1.050861706599411381e-04 1.050861706599411381e-04 5.790248003362756524e-02
1.381473876340406082e-01 1.140771161305042191e-04 2.259867670545288587e-01 1.494410221309605200e-02 1.140771161305042191e-04 6.206935888660735090e-01
6.340564448188710234e-01 1.053074978938500365e-04 4.959983150800336554e-02 2.602148272957033881e-01 1.695450716090985549e-02 3.906908171861836476e-02
7.634841235319703712e-01 1.087429317094388724e-04 5.665506742061765522e-02 1.599608525445845586e-01 1.087429317094388724e-04 1.968247063940843644e-02
5.607171156893818731e-01 9.904912836767035473e-05 1.110340729001584592e-01 3.179477020602218540e-02 1.972068145800316696e-01 9.914817749603802022e-02
1.640166340508806275e-01 1.345401174168297598e-03 9.552348336594911060e-02 1.223091976516633983e-04 1.223091976516633983e-04 7.388698630136986134e-01
6.185876082611591054e-01 3.564290473017987793e-02 7.883633133466575599e-03 1.555629580279813129e-01 1.565622918054630081e-02 1.666666666666666297e-01
4.232206239491874133e-01 1.027461236689706809e-03 5.240052307117504943e-02 9.340556697179152809e-05 4.830001868111339913e-01 4.025779936484214644e-02
3.304212541886069610e-01 1.196744853997127673e-04 9.107228338918139932e-02 1.196744853997127673e-04 2.285782671134514027e-02 5.554092867400669542e-01
4.722387173396673798e-01 4.945071258907362544e-01 1.499406175771971113e-02 1.484560570071258702e-04 1.484560570071258702e-04 1.796318289786223016e-02
2.407838224767358537e-01 3.668575518969219035e-03 4.482820329277021482e-02 8.947745168217608792e-05 4.161596277738009442e-01 2.944702934860414789e-01
3.744194686977521669e-01 9.288500835965074281e-05 5.768159019134311283e-02 9.288500835965074281e-05 1.394203975478357505e-01 4.282927735463495922e-01
2.930754979157016993e-01 1.401111625752663251e-02 6.032885595182955335e-02 1.157943492357572934e-04 3.463408985641500681e-01 2.861278369615562478e-01
3.394110764430576799e-01 9.750390015600623008e-05 6.835023400936035554e-02 9.750390015600623008e-05 5.519695787831512268e-01 4.007410296411856310e-02
4.784208432776451692e-01 9.944311853619728617e-05 1.502585521081940823e-01 9.944311853619728617e-05 9.944311853619728617e-05 3.710222752585520811e-01
2.481038506417736211e-01 1.458576429404900962e-04 8.474329054842473508e-02 4.827887981330222095e-02 1.458576429404900962e-04 6.185822637106184185e-01
5.739022181982796900e-01 2.048438207333634978e-02 1.336577636939791369e-01 1.574241738343141461e-01 1.131733816206428102e-04 1.144182888184698682e-01
2.063737623762376128e-01 1.031353135313531366e-04 5.580651815181518760e-01 1.031353135313531366e-04 4.651402640264026139e-02 1.888407590759075827e-01
