3.147067853853238468e-03 7.675775253300582356e-05 7.675775253300582356e-05 3.285999385937979356e-01 7.675775253300582356e-05 2.057875345409886370e-01 1.312557568314399667e-02 4.491096100706170602e-01
1.774592699525675277e-01 9.383378016085790196e-03 2.011755001031140244e-01 1.031140441328108929e-04 1.031140441328108929e-04 2.310785729016291701e-01 1.031140441328108929e-04 3.805939368942050094e-01
1.160362032954281652e-04 1.160362032954281652e-04 6.023439313065676037e-01 1.160362032954281652e-04 1.984219076351821653e-02 2.507542353214202713e-01 1.160362032954281652e-04 1.265954977953121230e-01
8.742787200559537801e-05 8.742787200559537801e-05 1.364749082007343794e-01 8.742787200559537801e-05 6.033397447106136902e-01 7.265256163664975120e-02 8.742787200559537801e-05 1.871830739639796792e-01
8.843296781039970223e-05 4.059957552175450513e-01 2.229395118500176465e-01 8.843296781039970223e-05 8.843296781039970223e-05 2.706933144676335057e-01 8.843296781039970223e-05 1.000176865935620552e-01
4.250708451408567387e-03 8.334722453742290243e-05 8.385564260710117734e-01 8.334722453742290243e-05 8.334722453742290243e-05 1.401066844474078699e-01 8.334722453742290243e-05 1.675279213202200343e-02
1.156336725254393998e-04 2.591350601295097089e-01 6.487049028677149831e-02 1.167900092506937888e-02 1.156336725254393998e-04 2.706984273820536302e-01 1.156336725254393998e-04 3.932701202590194178e-01
2.249335989375829750e-02 8.300132802124833402e-05 8.300132802124833402e-05 4.656374501992031206e-02 8.300132802124833402e-05 7.354747675962814979e-01 8.300132802124833402e-05 1.951361221779548127e-01
1.580278128950695455e-04 1.580278128950695455e-04 7.286662452591656791e-01 1.580278128950695455e-04 1.580278128950695455e-04 9.497471554993679177e-02 1.580278128950695455e-04 1.755689001264222615e-01
1.940529059664027750e-02 9.654373431164316221e-05 9.654373431164316221e-05 9.654373431164316221e-05 9.654373431164316221e-05 6.188453369376326063e-02 4.664027804595481386e-01 4.519212203128016303e-01
1.264542235710672778e-04 1.390996459281740056e-03 2.035912999494183043e-02 1.264542235710672778e-04 1.264542235710672778e-04 2.921092564491653901e-02 5.906676783004551901e-01 3.579919069296914613e-01
8.682062858135092276e-05 5.340336864038894849e-01 9.385309949644032868e-02 8.682062858135092276e-05 8.682062858135092276e-05 5.738843549227295310e-02 4.427852057648896424e-03 3.100364646640041411e-01
3.930393957950601425e-01 1.011430904266176489e-01 7.154521330883852059e-02 1.020616452337211593e-04 4.184527454582566419e-03 1.634006940191875534e-01 1.020616452337211593e-04 2.664829557052459386e-01
9.786651008025054035e-05 9.786651008025054035e-05 3.924447054218046377e-02 9.786651008025054035e-05 1.713642591505186719e-01 1.664709336465061418e-01 9.786651008025054035e-05 6.225288706204736844e-01
1.464557703573520799e-04 1.464557703573520799e-04 1.611013473930872743e-03 1.464557703573520799e-04 1.464557703573520799e-04 7.337434094903338977e-02 1.509958992384299592e-01 7.734329232571762747e-01
1.073191672032625002e-04 6.986477784932387802e-02 1.835157759175788661e-02 1.073191672032625002e-04 1.073191672032625002e-04 3.230306932818201304e-02 5.678257136724619292e-01 3.113329040566645278e-01
2.355174658277283395e-01 1.193317422434367597e-03 1.746582772835756150e-02 1.084834020394879621e-04 1.084834020394879621e-04 1.975482751139075455e-01 1.084834020394879621e-04 5.479496637014537042e-01
1.255020080321285296e-04 2.410893574297188757e-01 1.695532128514056214e-01 1.255020080321285296e-04 1.644076305220883508e-02 1.507279116465863600e-01 2.271586345381526248e-02 3.992218875502008268e-01
1.637197118533071174e-04 1.637197118533071174e-04 2.635887360838245000e-02 1.637197118533071174e-04 1.637197118533071174e-04 6.237721021611001421e-02 4.438441388343156158e-01 4.667648984937786127e-01
1.086012163336229439e-04 9.133362293657688868e-02 1.738705473501303278e-01 2.596655082536924453e-01 1.086012163336229439e-04 2.911598609904431090e-01 1.086012163336229439e-04 1.836446568201563767e-01
1.274209989806319911e-04 1.401630988786952119e-03 1.274209989806319911e-04 1.274209989806319911e-04 2.345820591233435115e-01 1.555810397553516744e-01 2.943425076452599320e-02 5.786187563710499804e-01
5.159136118215402744e-01 1.420858198351804757e-04 1.420858198351804757e-04 1.420858198351804757e-04 1.420858198351804757e-04 3.070474566638249359e-01 1.420858198351804757e-04 1.763285024154589431e-01
8.577800651912848961e-05 8.577800651912848961e-05 4.289758106021615558e-01 5.498370217876135529e-02 9.435580717104133722e-04 2.917310001715560097e-01 8.577800651912848961e-05 2.231085949562532089e-01
1.144426642252231767e-04 1.099794003204394577e-01 2.644769970244907342e-01 4.818036163881895401e-02 1.144426642252231767e-04 3.571755550469215557e-01 1.258869306477454876e-03 2.186999313344014650e-01
2.789179104477611526e-01 2.912520729684908369e-02 4.052653399668324635e-02 1.876036484245439256e-02 1.668739635157545295e-02 1.110074626865671377e-01 1.876036484245439256e-02 4.862147595356550167e-01
3.373966042664344658e-03 1.969960818458859481e-02 5.670439703961688976e-02 4.082498911623856919e-01 1.099259904222899334e-02 4.028080104484109691e-01 1.088376142794949885e-04 9.806269046582496984e-02
1.003210272873194213e-04 3.521268057784911892e-02 7.032504012841089835e-02 2.106741573033707807e-03 2.348515248796147481e-01 5.828651685393258092e-02 1.003210272873194213e-04 5.990168539325843033e-01
1.399444918872758126e-01 1.067463706233988033e-04 1.047181895815542108e-01 1.067463706233988033e-04 5.444064901793338115e-03 6.415456874466267390e-02 6.201964133219470265e-02 6.235055508112723466e-01
9.235315847801993394e-05 2.225711119320280401e-02 5.365718507572958540e-02 4.480051717768747110e-01 9.235315847801993394e-05 2.365164388622090774e-01 1.015884743258219395e-03 2.383635020317694808e-01
9.067827348567281684e-05 9.067827348567281684e-05 1.877947043888283929e-01 1.361080885019949060e-01 9.067827348567281684e-05 2.993289807762060106e-01 1.187885382662313798e-02 3.646173376858904414e-01
1.418842224744608631e-04 1.418842224744608631e-04 6.797673098751420007e-01 1.574914869466515280e-02 1.560726447219069413e-03 1.732406356413166981e-01 1.418842224744608631e-04 1.292565266742338181e-01
8.357825128581923904e-03 2.672667156502571417e-02 1.928728875826597874e-03 5.640154298310064984e-01 9.184423218221895026e-05 1.690852314474650675e-01 9.184423218221895026e-05 2.297024246877295561e-01
1.231830500123183049e-04 1.231830500123183049e-04 1.244148805124414663e-02 1.231830500123183049e-04 2.586844050258684403e-03 6.048287755604828120e-02 3.474993840847499516e-01 5.766198571076619483e-01
1.197669400086318406e-02 7.024169184290028622e-02 6.916271040138108339e-02 9.818731117824771454e-03 2.600345274061286252e-02 1.673500215796288049e-01 1.078981441519205869e-04 6.453388001726370060e-01
8.898380494749954985e-05 3.213205196654208562e-01 1.762769176009965910e-01 8.898380494749954985e-05 8.898380494749954985e-05 1.531411283146467128e-01 9.788218544224949400e-04 3.480156611496706964e-01
1.111358079573238468e-04 1.111358079573238468e-04 1.111358079573238468e-04 1.111358079573238468e-04 1.245832407201600267e-01 4.345410091131362423e-02 1.111358079573238468e-04 8.314069793287396370e-01
1.026904908605463091e-04 1.961388375436434739e-02 5.474430067775724051e-01 1.242554939412610256e-02 6.264119942493324121e-03 1.993222427603203728e-01 1.026904908605463091e-04 2.147258163894023297e-01
1.492982979994027888e-04 1.492982979994027888e-04 7.854583457748580688e-01 1.492982979994027888e-04 1.492982979994027888e-04 1.748283069573006721e-01 1.492982979994027888e-04 3.896685577784413101e-02
1.199328376109378742e-04 1.211321659870472425e-02 5.528903813864236017e-02 7.315903094267208959e-03 1.199328376109378742e-04 3.863036699448308964e-01 1.199328376109378742e-04 5.386183737107219649e-01
1.089561996077576824e-04 2.625844410546960064e-02 1.089561996077576824e-04 2.267378513837437215e-01 2.081063412508171728e-02 1.352146437132272783e-01 8.825452168228371461e-03 5.819350621050337624e-01
1.349892008639308938e-04 1.363390928725701813e-02 6.762958963282937608e-02 1.702213822894168282e-01 1.484881209503239805e-03 5.940874730021598049e-01 1.349892008639308938e-04 1.526727861771058070e-01
1.898716517857143016e-01 1.395089285714285908e-04 1.605747767857143016e-01 1.061662946428571369e-01 1.395089285714285908e-04 1.452287946428571508e-01 1.269531250000000000e-02 3.851841517857143571e-01
1.000200040008001603e-04 1.000200040008001603e-04 3.910782156431286127e-02 2.810562112422484299e-02 2.041408281656331147e-01 2.041408281656331147e-01 1.000200040008001603e-04 5.242048409681936416e-01
1.203659123736157893e-04 1.203659123736157893e-04 1.456427539720750973e-02 1.203659123736157893e-04 2.336302359171882337e-01 7.835820895522387086e-02 7.342320654790562319e-03 6.657438613384689674e-01
2.164119865052589464e-01 9.922603691208573505e-05 5.060527882516371173e-03 1.795991268108751773e-02 1.200635046636237303e-02 1.390156777138320809e-01 1.916054772772375348e-01 4.178408414367930090e-01
1.152339248674809802e-04 1.152339248674809802e-04 6.903664438810785953e-01 1.152339248674809802e-04 1.152339248674809802e-04 3.353307213643696300e-02 1.267573173542290918e-03 2.743719751094721993e-01
7.313555830243097591e-03 1.030078285949732181e-04 1.030078285949732181e-04 1.030078285949732181e-04 5.253399258343633554e-03 9.384013185002058888e-02 2.081788215904408490e-01 6.851050679851667935e-01
1.317583450869769524e-01 5.300893276915843999e-02 9.767277856135400671e-02 1.175364362952515215e-04 3.643629525152797342e-03 9.767277856135400671e-02 1.069581570286788803e-02 6.054301833568406233e-01
1.639766483516483242e-02 5.838770604395603359e-01 1.811469780219780029e-02 1.553914835164835022e-02 8.585164835164834480e-05 6.876717032967030740e-02 2.044127747252746929e-01 9.280563186813184373e-02
1.080146899978396937e-04 3.662778137826743774e-01 1.523007128969539568e-02 1.080146899978396937e-04 1.080146899978396937e-04 1.567293151868653645e-01 1.080146899978396937e-04 4.613307409807733128e-01
6.848336395182688663e-02 1.122678097570932888e-03 1.020616452337211728e-04 1.020616452337211728e-04 2.083078179220248793e-01 1.317615839967340163e-01 1.020616452337211728e-04 5.900183710961420802e-01
2.491694352159468280e-03 2.884432842904603445e-01 3.074276222116753554e-01 1.186521120075937263e-04 1.186521120075937263e-04 2.740863787375415195e-02 1.186521120075937263e-04 3.738728049359278383e-01
3.020759613116300590e-01 1.179523472517102949e-04 1.179523472517102949e-04 1.179523472517102949e-04 1.179523472517102949e-04 1.569945741920263926e-01 2.606746874262797289e-02 5.143901863647085682e-01
1.294422216992233360e-03 1.176747469992939492e-04 1.176747469992939492e-04 1.176747469992939492e-04 9.531654506942809427e-03 2.718286655683690295e-02 4.002118145445986985e-01 5.614262179336314551e-01
1.927993182786535975e-02 3.302087771623348975e-03 1.385811674478056865e-01 1.321900298253088912e-01 8.425649765658285717e-02 2.919684703877289955e-01 1.171708564124414103e-03 3.292501065189603615e-01
5.020673360897814040e-03 1.920653671982673616e-01 1.526875369167158825e-01 3.061626304390627912e-02 9.844457570387871517e-05 1.123252608781255962e-01 9.844457570387871517e-05 5.070880094506792224e-01
1.147052076164257811e-04 1.147052076164257811e-04 6.997017664601971887e-03 1.261757283780683700e-03 2.054370268410185552e-01 4.599678825418673789e-02 2.649690295939435489e-02 7.135810965817848128e-01
1.202055423013396671e-02 1.009359515507432569e-03 7.432556432372910797e-03 9.175995595522113768e-05 9.175995595522113768e-05 7.258212516057990782e-02 4.552211414938520107e-01 4.515507432556432055e-01
8.622176237282289796e-05 1.216589067080530856e-01 1.276944300741506833e-01 9.484393861010518775e-04 2.940162096913260734e-02 2.854802552164166229e-01 8.622176237282289796e-05 4.346439041214001930e-01
9.992006394884091138e-05 3.098521183053556949e-01 1.010191846522781600e-01 6.095123900879294808e-03 9.992006394884091138e-05 1.170063948840927015e-01 9.992006394884091138e-05 4.657274180655475160e-01
1.328068916008614403e-02 3.602536491983728273e-01 8.985403206508732477e-02 1.196458482890643693e-04 3.362048336922708602e-02 9.942569992821247149e-02 5.396027757836802802e-02 3.494855228523570112e-01
1.074344649763644201e-04 2.256123764503652727e-03 7.371078642028362493e-01 1.074344649763644201e-04 1.074344649763644201e-04 7.316287064890415748e-02 1.074344649763644201e-04 1.870434035238504322e-01
1.247193813918683059e-04 4.104514841606385356e-01 1.247193813918683059e-04 7.246196058867547529e-02 1.247193813918683059e-04 1.834622100274382328e-01 1.247193813918683059e-04 3.331254676976801998e-01
2.442123804730749470e-01 1.258178158027176618e-04 1.144942123804730538e-02 1.258178158027176618e-04 1.258178158027176618e-04 7.687468545546048693e-02 1.951434323100150747e-01 4.719426270759939368e-01
2.408809359944941511e-03 9.291121816930487942e-03 1.480844230328056677e-01 1.147052076164257811e-04 2.490250057352603463e-01 1.847900894700619245e-01 1.387933012158751832e-02 3.924065152557926206e-01
9.922603691208573505e-05 9.922603691208573505e-05 4.971224449295495035e-02 9.922603691208573505e-05 3.344909704306410214e-01 1.042865647946020907e-01 9.922603691208573505e-05 5.111133161341535613e-01
4.583904892546867421e-02 7.213077274805669570e-02 1.967306812985825104e-01 1.726108824874256903e-02 1.257430269775948895e-03 3.979195244627343198e-01 2.400548696844992912e-03 2.664609053497942193e-01
1.064035596827239173e-03 9.673050880247628354e-05 8.802476301025341857e-03 1.170439156509963004e-02 9.673050880247628354e-05 7.071000193461016159e-02 4.702070032888372442e-01 4.373186302959953253e-01
1.099142668718399666e-04 1.099142668718399666e-04 1.099142668718399666e-04 1.099142668718399666e-04 1.099142668718399666e-04 1.001318971202461994e-01 2.979775774895581653e-01 6.013409540558364297e-01
1.081825334382376189e-03 1.751573564122737847e-01 9.834775767112509826e-05 9.834775767112509826e-05 9.834775767112509826e-05 2.489181746656176086e-01 9.834775767112509826e-05 5.744492525570417119e-01
1.007252215954875061e-04 1.107977437550362702e-03 2.628928283642224112e-02 1.007252215954875061e-04 1.007252215954875061e-04 2.448630136986301165e-01 1.218775181305398712e-02 7.152497985495568367e-01
9.236145781328006926e-03 2.171742386420369084e-02 5.907804959227823914e-03 1.922116824762855683e-02 1.956232318189382313e-01 1.972874022299883068e-01 8.320852055250456446e-05 5.509236145781327698e-01
2.553927553927553759e-02 4.588929588929589048e-02 8.658933658933658239e-02 2.036019536019535725e-01 3.062678062678062668e-02 2.778795278795279100e-01 1.017501017501017455e-04 3.297720797720797847e-01
9.701202949165695880e-05 9.701202949165695880e-05 3.765036864571206232e-01 7.964687621265034712e-02 9.701202949165695880e-05 2.212844392704695073e-01 2.037252619324796121e-03 3.202367093519595809e-01
1.053962900505902136e-04 1.053962900505902136e-04 1.907672849915682811e-02 1.053962900505902136e-04 3.267284991568296729e-03 8.969224283305225753e-02 5.544898819561551173e-01 3.331576728499157092e-01
9.842249657064471025e-02 1.257430269775948895e-03 4.926840420667581016e-02 1.143118427069044315e-04 1.143118427069044315e-04 2.024462734339277370e-01 1.726108824874256903e-02 6.311156835848193980e-01
2.487040527803958401e-01 1.178133836003769999e-04 6.373704052780396201e-02 1.178133836003769999e-04 1.178133836003769999e-04 1.850848256361922461e-01 1.178133836003769999e-04 5.020028275212063962e-01
1.293995859213250611e-04 1.565734989648033190e-02 5.720755693581781598e-01 1.293995859213250611e-04 1.293995859213250611e-04 1.385869565217391353e-01 1.293995859213250611e-04 2.731625258799171840e-01
1.111358079573238468e-04 4.268726383640809030e-01 3.456323627472771692e-02 2.789508779728828644e-02 1.111358079573238468e-04 1.568126250277839251e-01 1.111358079573238468e-04 3.535230051122471573e-01
2.373417721518987413e-03 1.243218806509945778e-03 3.062839059674502679e-02 1.130198915009041554e-04 1.130198915009041554e-04 9.391952983725133930e-02 3.199593128390596508e-01 5.516500904159131746e-01
8.667235009946008123e-03 2.132708155726058541e-01 2.331628303495311139e-01 1.420858198351804757e-04 8.667235009946008123e-03 2.303211139528275053e-01 1.562944018186985260e-03 3.042057402671213273e-01
3.050052137643378264e-02 3.571428571428571230e-02 8.689607229753214029e-05 9.645464025026067451e-03 7.907542579075424807e-03 1.260862009037191367e-01 1.912582551268682263e-01 5.988008342022940189e-01
1.326611833377553599e-04 1.605200318386839839e-02 5.439108516847969595e-03 1.326611833377553599e-04 1.326611833377553599e-04 7.707614751923586027e-02 3.715839745290527851e-01 5.294507827009816703e-01
6.116574718157830569e-03 1.199328376109378742e-04 1.608299352362676793e-01 1.199328376109378742e-04 1.404413528424082458e-01 1.392420244662988527e-01 1.199328376109378742e-04 5.530103142240345715e-01
1.701258931609391173e-04 1.701258931609391173e-04 5.581830554610412998e-01 1.701258931609391173e-04 1.871384824770330399e-03 1.924123851650221262e-01 1.701258931609391173e-04 2.468526709765226368e-01
2.025482257680400189e-01 1.190759704691593329e-04 2.061205048821147801e-01 4.882114789235531861e-03 1.190759704691593329e-04 2.180281019290307154e-01 2.500595379852346180e-03 3.656823053107883248e-01
1.095220854453294451e-02 9.956553222302678800e-04 1.277154236060825121e-01 4.082186821144098005e-02 2.480992034757421860e-01 3.015025343953656733e-01 1.900796524257784056e-03 2.680123099203475245e-01
1.396133783369131465e-02 2.623504142374961587e-02 2.470082847499232778e-02 9.067198527155569121e-02 1.534212948757287544e-04 6.782755446455968062e-01 1.534212948757287544e-04 1.658484197606627519e-01
1.141651459854014505e-01 1.608120437956204324e-02 9.819799270072991637e-02 1.140510948905109451e-04 1.380018248175182358e-02 1.278512773722627616e-01 1.140510948905109451e-04 6.296760948905109068e-01
1.506477854775535065e-04 1.822838204278397212e-02 1.944862910515215426e-01 2.592648388068695686e-01 1.657125640253088571e-03 3.858089786080144967e-01 1.506477854775535065e-04 1.402530882796022837e-01
8.788890841975742268e-05 3.498857444190542898e-01 1.151344700298822035e-02 2.118122692916153682e-02 2.469678326595183340e-02 1.161012480224995341e-01 8.788890841975742268e-05 4.764457725435049529e-01
1.051745898190997090e-04 1.051745898190997090e-04 3.060580563735801340e-02 7.467395877156078610e-03 1.894194362641985485e-01 9.896928901977281035e-02 1.051745898190997090e-04 6.732225494320571713e-01
1.196458482890643557e-04 1.196458482890643557e-04 3.171811438143096185e-01 3.709021296960994703e-03 7.549653027039959774e-02 2.023211294568078022e-01 1.196458482890643557e-04 4.009332376166546696e-01
1.888152205246468318e-02 5.923897376765638323e-02 1.441337561256846175e-04 3.041222254251945561e-02 5.565004324012683412e-01 1.140098010954165297e-01 1.585471317382531036e-03 2.192274430671662944e-01
1.148465232825224584e-03 1.044059302568385887e-04 4.917519315097097082e-02 1.044059302568385887e-04 1.148465232825224584e-03 1.995197327208185212e-01 2.757360618083107284e-01 4.730632699937356578e-01
1.169864295741693890e-04 1.169864295741693890e-04 9.475900795507719368e-03 1.217828731867103276e-01 2.468413664014974113e-02 2.142021525503041424e-01 2.456715021057557114e-03 6.271642489471220827e-01
1.541307028360049342e-04 1.541307028360049342e-04 9.110665844636250954e-01 1.541307028360049342e-04 1.541307028360049342e-04 9.401972872996300010e-03 1.541307028360049342e-04 7.876078914919851237e-02
3.101396200503547806e-02 5.504692149233234022e-02 3.903639276722362106e-01 1.384756237125200212e-02 3.547722590981918032e-03 1.168459601739528370e-01 1.144426642252231632e-04 3.892195010299839830e-01
1.105216622458001711e-04 1.226790450928381786e-02 1.105216622458001711e-04 1.327365163572059858e-01 3.383068081343943434e-01 3.989832007073386422e-02 1.105216622458001711e-04 4.764588859416445388e-01
1.059546514091968427e-04 3.571731299004025639e-01 1.917779190506463047e-02 1.059546514091968427e-04 1.059546514091968427e-04 9.440559440559438686e-02 1.059546514091968427e-04 5.288196651833014794e-01
3.808948004836758966e-02 2.081533943686301319e-02 4.068060114009327405e-02 2.513387458973915731e-02 4.240801520124373031e-02 1.754188979098289525e-01 8.637070305752288615e-05 6.573674209708065819e-01
3.129873022944976851e-02 1.025840944531075799e-01 3.241256404544441694e-02 3.352639786143907230e-02 1.124972154154599974e-02 2.006014702606370992e-01 1.113833815994653520e-04 5.882156382267765826e-01
1.464881645324019911e-02 9.701202949165695880e-05 1.658905704307334084e-02 5.917733798991073497e-03 2.309856422196351899e-01 9.710904152114860355e-02 9.701202949165695880e-05 6.345556849049280856e-01
2.221446848104210309e-02 3.571760874622005311e-01 8.385671086299137378e-02 1.174691788788090156e-02 1.163061177017911109e-04 1.745754826703884433e-01 1.163061177017911109e-04 3.501977204000930599e-01
8.184645604845309954e-05 8.184645604845309954e-05 5.164511376657390102e-02 5.435423146177770226e-01 2.136192502864625933e-02 1.711409395973154113e-01 4.992633818955638340e-03 2.071533802586347783e-01
8.614748449345277655e-05 1.559269469331495475e-02 7.839421088904202639e-03 1.327532736044107209e-01 8.614748449345277655e-05 1.120778773259820532e-01 2.275155065472088123e-01 5.040489317711922546e-01
9.269558769002594954e-05 8.435298479792359416e-03 6.219873934000740012e-02 5.395810159436410514e-01 9.269558769002594954e-05 1.539673711531330813e-01 9.269558769002594954e-05 2.355394883203558998e-01
1.232892335766423153e-01 2.178375912408759066e-02 5.828010948905109484e-02 3.432937956204379359e-02 1.140510948905109451e-04 1.438184306569342819e-01 5.485857664233576708e-02 5.635264598540146164e-01
1.313974187805963256e-01 1.112594570538495741e-04 3.126390743213173368e-02 1.223854027592345423e-03 1.112594570538495741e-04 9.245660881174898316e-02 7.910547396528704034e-02 6.643302180685357605e-01
1.210387323943661877e-03 1.100352112676056363e-04 1.112455985915492829e-01 3.411091549295774440e-03 1.079445422535211113e-01 1.684639084507042195e-01 1.100352112676056363e-04 6.075044014084506339e-01
5.923480287434452173e-03 1.622645173820158881e-01 1.418722081957661252e-01 9.710623422023692997e-05 6.894542629636821011e-03 2.147018838609438263e-01 9.710623422023692997e-05 4.681491551757622216e-01
2.011188066062866153e-02 4.541822056473095170e-02 1.359882791688865056e-01 1.331912626531699443e-04 7.472029834842833229e-02 9.736281299946722423e-02 4.142248268513585435e-02 5.848428343100692262e-01
1.157195233730522362e-02 2.417506874427131219e-02 1.834326306141154661e-01 5.843263061411548172e-03 2.406049495875343773e-03 3.896654445462878202e-01 1.145737855178735143e-04 3.827910174152153733e-01
1.509414861307956934e-01 1.418303300263210887e-01 6.286697712087466194e-02 3.958291152055071899e-02 6.792873051224943004e-02 2.420530471755415747e-01 1.012350678274954400e-04 2.946952824458392572e-01
1.049538203190595974e-04 1.049538203190595974e-04 1.049538203190595974e-04 2.687867338371116577e-01 1.049538203190595974e-04 1.166036943744752086e-01 1.689756507136859487e-02 5.972921914357681716e-01
2.574160333415052761e-03 1.508948271635204563e-01 1.483206668301054014e-02 1.605785731797008953e-02 2.463839176268693351e-02 1.815395930375091615e-01 1.225790634959548792e-04 6.093405246383917229e-01
1.213886865744112669e-04 2.318523913571255216e-02 8.145180869142994162e-02 1.213886865744112669e-04 2.756737072104879505e-01 7.538237436270939229e-02 1.213886865744112669e-04 5.439427045399368721e-01
8.614748449345277655e-05 3.601826326671260792e-01 3.540661612680909287e-02 8.614748449345277655e-05 8.614748449345277655e-05 3.084941419710544031e-01 8.614748449345277655e-05 2.955720192970365257e-01
2.061484335734628526e-01 8.376612497905845808e-05 8.049924610487517451e-02 6.785056123303734657e-03 9.214273747696431066e-04 1.701289998324677089e-01 4.272072373931980888e-03 5.311609984922096572e-01
1.635345139139862680e-02 4.165160823997108436e-02 2.386158294181423833e-01 9.766895554752437481e-02 2.538850740874593059e-02 2.530719190458980417e-01 9.125406577520778564e-03 3.181243223707986845e-01
1.112594570538495741e-04 1.112594570538495741e-04 4.795282599020916914e-02 1.112594570538495741e-04 1.112594570538495741e-04 2.304183355585224524e-01 2.013796172674677323e-02 7.010458388963061171e-01
4.989048430275005129e-03 1.216841080554879472e-04 5.001216841080554504e-02 1.216841080554879472e-04 5.001216841080554504e-02 2.447067412995862501e-01 1.216841080554879472e-04 6.499148211243611639e-01
1.061796559779146345e-04 1.061796559779146345e-04 6.743469951157358144e-01 1.061796559779146345e-04 7.538755574431938063e-03 1.933531535357825293e-01 2.229772775536207393e-03 1.222127840305797242e-01
5.919837458441077477e-02 1.015884743258219395e-03 4.534540081270779094e-02 8.967491688215735446e-02 9.235315847801993394e-05 6.456409309198373192e-01 9.235315847801993394e-05 1.589397857406723014e-01
1.121327651939896768e-04 2.354788069073783172e-03 6.840098676833369917e-03 4.597443372953576544e-03 6.066382596994841780e-02 1.458847275173805746e-01 1.840098676833370472e-01 5.955371159452791385e-01
8.125429159990843475e-03 1.144426642252231632e-04 1.144426642252231632e-04 1.144426642252231632e-04 1.144426642252231632e-04 3.215838864728770563e-02 7.027924010070953909e-01 2.564660105287250857e-01
1.247193813918683059e-04 2.619107009229233989e-03 1.247193813918683059e-04 1.247193813918683059e-04 1.247193813918683059e-04 1.073833873783985871e-01 2.545522574208031741e-01 6.349463706660014584e-01
1.355642403517342415e-02 1.185881778212017623e-01 2.968978993649242781e-01 5.007327796775769280e-03 1.221299462628236681e-04 1.540058622374206043e-01 1.221299462628236681e-04 4.117000488519785284e-01
1.103996467211304901e-04 1.911017884742768624e-01 4.647825126959593406e-02 1.103996467211304901e-04 1.103996467211304901e-04 1.469419297858246543e-01 7.838374917200264039e-03 6.073084566129388628e-01
1.099120703437250161e-03 3.628097521982413531e-01 1.099120703437250161e-03 5.095923261390885965e-03 7.094324540367704518e-03 1.070143884892086061e-01 2.308153477218225294e-02 4.927058353317345651e-01
6.323952670291012323e-02 7.994883274704188371e-05 1.846818036456667617e-02 4.884873680844258742e-02 8.794371602174607750e-04 7.228173968660056570e-01 7.994883274704188371e-05 1.455868244323632599e-01
1.471020888496616795e-04 7.502206531332745142e-03 3.046484260076492978e-01 1.471020888496616795e-04 1.471020888496616795e-04 4.252721388643719291e-01 1.471020888496616795e-04 2.619888202412474221e-01
4.630985358132171936e-01 2.077562326869805773e-03 1.049663632766125593e-01 3.472497032053818017e-02 9.893153937475265781e-05 3.255836960823110249e-01 9.893153937475265781e-05 6.935100910170161059e-02
2.827140549273020852e-03 1.346257404415724280e-04 1.346257404415724280e-04 1.346257404415724280e-04 4.173397953688744860e-03 7.956381260096929975e-02 2.411147011308562016e-01 6.719170705438879398e-01
1.241177656785642097e-01 1.008267795926598095e-04 1.008267795926598095e-04 2.429925388183101428e-02 4.133897963299051730e-03 1.059689453518854463e-01 1.008267795926598095e-04 7.411776567856422915e-01
2.807365950532586876e-02 8.765120057772159134e-02 2.645784437624119634e-01 9.026900162484202445e-05 9.026900162484202445e-05 1.968766925437804294e-01 9.026900162484202445e-05 4.225491966058854687e-01
1.299038711353598177e-04 1.299038711353598177e-04 3.130683294362172214e-02 1.299038711353598177e-04 8.586645882047283518e-02 3.482722785138996913e-01 1.299038711353598177e-04 5.340348142374642393e-01
9.507510933637572143e-05 8.651834949610189701e-03 7.435824301197945241e-01 9.507510933637572143e-05 9.507510933637572143e-05 1.274957216200798271e-01 1.996577296063890231e-03 1.179882106864422603e-01
7.216914006911973219e-03 4.177678389916649609e-02 1.016466761536897692e-04 1.016466761536897692e-04 1.016466761536897692e-04 5.905671884529375970e-02 4.554787558446838913e-01 4.361658873754828414e-01
1.116320607278410275e-04 1.350747934806876410e-02 1.116320607278410275e-04 2.200267916945746471e-01 1.227952668006251479e-03 1.586291582942621070e-01 2.132172359901763833e-02 5.850636302746148321e-01
8.061305732484074643e-03 9.952229299363056470e-05 1.801353503184713323e-02 4.300358280254776289e-01 9.952229299363056470e-05 3.792794585987260825e-01 9.952229299363056470e-05 1.643113057324840365e-01
1.923429199487085208e-03 9.159186664224215277e-05 4.671185198754349358e-03 9.159186664224215277e-05 9.159186664224215277e-05 4.863528118703058789e-02 6.073456677047077701e-01 3.371496611100933682e-01
1.131729200652528515e-02 1.019575856443719460e-04 9.594208809135398863e-02 1.019575856443719460e-04 2.570350734094616341e-01 1.611949429037520254e-01 1.019575856443719460e-04 4.742047308319738974e-01
5.994358251057827283e-03 1.892336624353549782e-02 4.067936060178655167e-01 1.175364362952515215e-04 1.175364362952515215e-04 3.868124118476727880e-01 1.175364362952515215e-04 1.811236483309825729e-01
3.656869446343130603e-02 1.139211665527454950e-04 1.139211665527454950e-04 2.392344497607655409e-03 1.139211665527454950e-04 1.687172476646160713e-01 5.218728639781271550e-01 2.701070858965595733e-01
1.113585746102449840e-03 2.268677870014172704e-01 2.338530066815144859e-02 2.338530066815144859e-02 1.012350678274954400e-04 1.671390969831949569e-01 4.565701559020044625e-02 5.123506782749543964e-01
1.282380097460887299e-04 1.282380097460887299e-04 3.975378302128750735e-03 1.282380097460887299e-04 2.962298025134649931e-02 4.885868171325980641e-02 2.617337778917671054e-01 6.554244678122594925e-01
3.383848259679311243e-01 1.037348455220961779e-01 6.560422369964800937e-02 9.777082518576456173e-05 9.777082518576456173e-05 1.614196323816972645e-01 9.777082518576456173e-05 3.305631599530699516e-01
1.055864849299289641e-03 8.734881935112303458e-03 6.536763294298328364e-02 1.776732578229986148e-01 9.598771357266268356e-05 6.048185832213476276e-01 9.598771357266268356e-05 1.421578038011134248e-01
1.524855138761817611e-04 1.524855138761817611e-04 9.165904239097285577e-01 1.524855138761817611e-04 3.202195791399816902e-03 3.217444342787435102e-02 1.524855138761817611e-04 4.742299481549252377e-02
1.212415130940834156e-04 1.212415130940834156e-04 4.013094083414160684e-02 1.333656644034917531e-03 1.371241513094083320e-01 9.590203685741996442e-02 1.333656644034917531e-03 7.239330746847720821e-01
1.171234481143124855e-04 1.171234481143124855e-04 5.867884750527055382e-02 1.171234481143124855e-04 1.875146404310142623e-01 7.624736472241741558e-02 1.171234481143124855e-04 6.770906535488404598e-01
9.867240760674559578e-04 8.970218873340508707e-05 4.620559741657696007e-01 8.970218873340508707e-05 3.677789738069607919e-03 3.212235378543236153e-01 8.970218873340508707e-05 2.117868675995693839e-01
1.164415463437354353e-04 1.408942710759198726e-02 3.609687936655798807e-03 1.164415463437354353e-04 3.727293898462971655e-01 5.484396832789939502e-02 1.164415463437354353e-04 5.543782021425244233e-01
9.201324990798673503e-05 1.012145748987854262e-03 7.803643724696355255e-01 9.201324990798673503e-05 9.201324990798673503e-05 1.749171880750827746e-01 9.201324990798673503e-05 4.333824070666175005e-02
9.444654325651679477e-05 9.444654325651679477e-05 5.761239138647524481e-03 1.038911975821684743e-03 1.927653947865507755e-01 1.672648281072912357e-01 9.444654325651679477e-05 6.328862863619190149e-01
8.882572392965002209e-05 1.252442707408065077e-02 8.882572392965002209e-05 8.882572392965002209e-05 8.882572392965002209e-05 5.605791437200212668e-01 7.194883638301650258e-03 4.193462426718777558e-01
5.994358251057827283e-03 1.175364362952515215e-04 3.185237423601316314e-02 1.175364362952515215e-04 1.175364362952515215e-04 4.948283968030089269e-02 4.397038081805359488e-01 4.726140103432063810e-01
6.080114449213160771e-03 1.192179303767286551e-04 1.192179303767286551e-04 1.192179303767286551e-04 1.192179303767286551e-04 5.734382451120648150e-02 5.509060562708630870e-01 3.851931330472103121e-01
2.441329343203653759e-03 7.875255945818238458e-05 7.961883761222238176e-02 3.787998109938572888e-02 1.653803748621830022e-03 7.592534257363363626e-01 7.875255945818238458e-05 1.189951173413135721e-01
1.039717196922437049e-04 4.065294239966728979e-02 3.233520482428779014e-02 3.962362237471407922e-01 1.039717196922437049e-04 3.286546059471823766e-01 1.039717196922437049e-04 2.018091079226450313e-01
4.316698252263633483e-03 1.158138555485365350e-03 3.695514845230574857e-02 1.052853232259423009e-04 2.127816382396293671e-01 6.538218572331017109e-02 1.052853232259423009e-04 6.791956201305537899e-01
1.295550441120061069e-01 9.589566551591866255e-05 9.695051783659376643e-02 7.767548906789411775e-03 9.589566551591866255e-05 2.455887993862677088e-01 1.054852320675105396e-03 5.188914461066359562e-01
4.197379197379196535e-03 8.814496314496313156e-02 2.149877149877149878e-03 1.023751023751023681e-04 1.023751023751023681e-04 4.055077805077805242e-01 1.035012285012284899e-01 3.962940212940213036e-01
1.296003165809259811e-02 1.534428175702413633e-01 8.023347843292440162e-02 9.893153937475267137e-05 3.670360110803323750e-02 2.780965571824297600e-01 4.056193114364859201e-03 4.344083893945389629e-01
3.886779996699124551e-02 8.252186829509819399e-05 1.370688232381580829e-01 8.252186829509819399e-05 8.252186829509819399e-05 6.709853111074434162e-01 8.252186829509819399e-05 1.527479782142267539e-01
2.132412672623883003e-03 2.132412672623883003e-03 4.985783915515840797e-02 5.778838342810722617e-01 1.015434606011372820e-04 1.676482534524776358e-01 1.015434606011372820e-04 2.001421608448415712e-01
1.087192868014785763e-04 1.762339639051967721e-01 4.457490758860620760e-03 1.195912154816264339e-03 1.087192868014785763e-04 7.838660578386603961e-02 1.195912154816264339e-03 7.383126766688410392e-01
1.105216622458001711e-04 1.105216622458001711e-04 2.388373121131741605e-01 1.005747126436781422e-02 1.294208664898320038e-01 1.791556145004420675e-01 1.105216622458001711e-04 4.421971706454465023e-01
2.994669175290059354e-02 1.567889620570711779e-04 2.053935402947632341e-02 1.426779554719347608e-02 1.567889620570711779e-04 7.276575729068672782e-01 1.567889620570711779e-04 2.071182188773910138e-01
1.048437827636821183e-04 2.517299224156007154e-01 1.762423988257496021e-01 7.443908576221429027e-03 7.035017823443068252e-02 1.594673935835604905e-01 1.048437827636821183e-04 3.345565107989096343e-01
1.284026707755521360e-04 5.959167950693374793e-01 1.284026707755521360e-04 1.284026707755521360e-04 1.284026707755521360e-04 1.593477144324602079e-01 1.284026707755521360e-04 2.440934771443246110e-01
1.351559068950373144e-01 1.097935880544576243e-04 1.516249451032059548e-01 2.305665349143610002e-03 4.501537110232762054e-03 1.197848045674132500e-01 1.097935880544576243e-04 5.864075537988581166e-01
3.821774794929156359e-03 7.550335570469797301e-03 3.776099925428784143e-01 9.321401938851602627e-05 1.025354213273676303e-03 9.983221476510065195e-02 9.321401938851602627e-05 5.099739000745711071e-01
9.748488984207447289e-05 3.022031585104308429e-03 3.616689413140962428e-02 8.588418795086759372e-02 4.153831156170793015e-01 1.395008773640085409e-01 1.959446285825696896e-02 3.003509456034314518e-01
2.010112052473353172e-01 1.366493577480185724e-04 2.746652090735173316e-02 1.366493577480185724e-04 1.790106586499043070e-02 5.795299262093468462e-01 1.366493577480185724e-04 1.736813336977315880e-01
1.435132032146957555e-04 2.884615384615384429e-02 4.895235361653271777e-01 1.435132032146957555e-04 1.435132032146957555e-04 8.625143513203213652e-02 3.013777267508610785e-03 3.919345579793340750e-01
3.084166026133742730e-02 9.041122213681780651e-02 6.821675634127592584e-03 4.900076863950805599e-03 9.607993850883934114e-05 1.346079938508839002e-01 3.411798616448885046e-01 3.911414296694849524e-01
1.546072974644403060e-04 1.546072974644403060e-04 8.597711811997525988e-01 1.546072974644403060e-04 1.700680272108843474e-03 4.653679653679653611e-02 1.546072974644403060e-04 9.137291280148422679e-02
6.752114164904862714e-02 1.321353065539112106e-04 8.073467230443974463e-02 1.995243128964058893e-02 4.109408033826638523e-02 3.291490486257927506e-01 1.321353065539112106e-04 4.612843551797040087e-01
9.159186664224215277e-05 1.291445319655614397e-02 8.527202784392744206e-02 3.463088477743175853e-01 1.923429199487085208e-03 2.180802344751785748e-01 9.159186664224215277e-05 3.353178237772485581e-01
1.097935880544576243e-04 4.030522617479139202e-01 6.927975406236275280e-02 1.097935880544576243e-04 1.097935880544576243e-04 1.757795344751866273e-01 1.097935880544576243e-04 3.514492753623188470e-01
1.156920488010096826e-03 2.324358435002103415e-02 3.691628102650399562e-02 2.577829196466133732e-01 1.156920488010096826e-03 9.371055952881782170e-02 4.007151872107698326e-02 5.459612957509465403e-01
2.521677757612421633e-01 1.008267795926598095e-04 1.462996571889493558e-01 1.008267795926598095e-04 6.150433555152247378e-03 1.442831215970961645e-01 7.158701351078845636e-03 4.437386569872958098e-01
6.449566504546414523e-03 1.057305984351871391e-04 3.277648551490801136e-03 1.057305984351871391e-04 1.057305984351871391e-04 1.026644110805667032e-01 5.403890886022414408e-01 3.469020934658489930e-01
1.089561996077576824e-04 1.089561996077576824e-04 3.170625408585748400e-02 3.170625408585748400e-02 1.842449335367182250e-01 1.264981477446066593e-01 1.089561996077576824e-04 6.255175419481368015e-01
1.246035342093339271e-03 2.629134571816945654e-01 1.337788853647485232e-01 1.246035342093339271e-03 2.503398278205709246e-02 1.201857725419120809e-01 1.030811055731762488e-02 4.452877208880833826e-01
1.267748478701825811e-04 2.435344827586206906e-01 1.267748478701825811e-04 1.408468559837728340e-01 1.267748478701825811e-04 2.169117647058823595e-01 1.787525354969574098e-02 3.804513184584178975e-01
1.178133836003769999e-04 1.178133836003769999e-04 4.135249764373232634e-02 2.839302544769085543e-02 1.721253534401507856e-01 1.285344015080112923e-01 1.178133836003769999e-04 6.292412818096135840e-01
8.203281312525010846e-03 2.000800320128051624e-04 4.523809523809523836e-01 1.220488195278111344e-02 1.620648259303721431e-02 3.103241296518607362e-01 2.200880352140856516e-03 1.982793117246898773e-01
1.844793223716990338e-01 1.245640259093173843e-04 3.126557050323866549e-02 2.379172894867962254e-02 8.844045839561533173e-03 9.230194319880416498e-02 1.258096661684105465e-02 6.466118584952665893e-01
1.178133836003769999e-04 1.178133836003769999e-04 1.532752120640904492e-01 3.652214891611686807e-03 1.178133836003769999e-04 1.414938737040527528e-01 2.721489161168708787e-02 6.740103675777567860e-01
8.254015466983937593e-03 7.436049970255800476e-05 7.436049970255800476e-05 2.312611540749553996e-02 7.436049970255800476e-05 8.871951219512195230e-01 7.436049970255800476e-05 8.112730517549077147e-02
4.458500827618823159e-01 4.149917238117759033e-02 8.997398912272404348e-02 1.182312603452352926e-04 1.182312603452352926e-04 1.774651217781981483e-01 1.182312603452352926e-04 2.448569401749822738e-01
1.205109664979513292e-04 2.628344179320318275e-01 2.351168956375030150e-01 1.217160761629308349e-02 1.205109664979513292e-04 1.652205350686912488e-01 1.205109664979513292e-04 3.242950108459870528e-01
3.801386233269598569e-01 7.182122370936902533e-02 1.184273422562141381e-01 1.195028680688336477e-04 1.195028680688336477e-04 1.148422562141491188e-01 1.195028680688336477e-04 3.144120458891013214e-01
4.827508960573476809e-02 5.712365591397848726e-03 5.275537634408601628e-02 1.120071684587813619e-04 1.938844086021505042e-01 1.210797491039426327e-01 1.691308243727598568e-02 5.612679211469533413e-01
4.330065359477124065e-02 3.618113912231559013e-03 3.979925303454714958e-02 1.833566760037348142e-01 1.283846872082166192e-03 1.378384687208216441e-01 1.167133520074696465e-04 5.906862745098039325e-01
8.483203257550050113e-05 1.874787919918561099e-02 8.483203257550050113e-05 2.044451985069561939e-02 5.174753987105529945e-03 1.112147947064811432e-01 4.624194095690531969e-01 3.818289786223277305e-01
9.026900162484202445e-05 1.228561112114099768e-01 6.508395017151108464e-02 1.291749413251489231e-01 9.026900162484202445e-05 1.878497923812962322e-01 9.026900162484202445e-05 4.947643979057591013e-01
