7.674597083653109195e-05 7.674597083653109195e-05 3.108979278587874484e-01 7.674597083653109195e-05 7.674597083653109195e-05 7.674597083653109195e-05 1.182655410590943978e-01 9.831158864159630917e-02 4.720644666155027203e-01 7.674597083653109195e-05
1.030927835051546443e-04 2.279381443298968968e-01 1.134020618556701209e-03 1.030927835051546443e-04 1.030927835051546443e-04 1.030927835051546443e-04 9.082474226804122808e-02 2.763917525773196271e-01 4.031958762886598269e-01 1.030927835051546443e-04
1.160092807424593838e-04 4.386310904872389727e-01 1.160092807424593838e-04 1.160092807424593838e-04 9.396751740139208664e-03 9.396751740139208664e-03 3.690255220417633097e-01 1.519721577726217826e-02 1.578886310904872026e-01 1.160092807424593838e-04
8.741258741258741251e-05 2.631118881118881328e-02 8.741258741258741251e-05 3.583916083916083642e-03 8.741258741258741251e-05 6.749125874125874169e-01 7.438811188811188246e-02 6.206293706293705692e-03 2.142482517482517390e-01 8.741258741258741251e-05
8.841732979664014233e-05 1.777188328912467086e-02 8.841732979664014233e-05 8.841732979664014233e-05 8.841732979664014233e-05 4.121131741821397187e-01 4.465959328028293873e-01 1.335101679929266184e-02 1.097259062776304167e-01 8.841732979664014233e-05
8.333333333333335766e-05 7.583333333333334286e-03 8.333333333333335766e-05 8.333333333333335766e-05 8.333333333333335766e-05 7.583333333333334286e-03 9.609166666666667522e-01 8.333333333333335766e-05 2.341666666666667243e-02 8.333333333333335766e-05
1.156069364161849811e-04 8.913294797687860982e-02 2.427745664739884481e-03 1.156069364161849811e-04 1.156069364161849811e-04 1.156069364161849811e-04 1.527167630057803538e-01 7.294797687861272195e-02 4.417341040462428037e-01 2.405780346820809157e-01
8.298755186721991492e-05 8.298755186721991492e-05 2.497925311203319509e-02 9.128630705394191183e-04 8.298755186721991492e-05 7.551867219917011986e-03 5.262240663900414894e-01 2.656431535269709876e-01 1.743568464730290424e-01 8.298755186721991492e-05
1.579778830963664954e-04 7.315955766192732135e-01 1.579778830963664954e-04 1.579778830963664954e-04 1.579778830963664954e-04 1.579778830963664954e-04 6.966824644549761414e-02 1.737756714060031396e-03 1.960505529225907984e-01 1.579778830963664954e-04
4.402509652509652982e-01 9.652509652509652465e-05 9.652509652509652465e-05 7.818532818532817480e-03 9.652509652509652465e-05 9.652509652509652465e-05 4.256756756756756993e-02 1.843629343629343831e-02 4.904440154440154465e-01 9.652509652509652465e-05
5.652338811630845949e-01 1.264222503160556202e-04 1.264222503160556202e-04 1.403286978508217278e-02 1.264222503160556202e-04 1.264222503160556202e-04 3.426042983565107114e-02 1.264222503160556202e-04 3.857142857142856762e-01 1.264222503160556202e-04
1.484375000000000104e-02 5.217013888888889089e-02 8.680555555555555887e-05 8.680555555555555887e-05 8.680555555555555887e-05 8.680555555555555887e-05 7.387152777777777901e-02 3.559027777777777277e-03 3.351562500000000444e-01 5.200520833333333037e-01
1.020408163265306025e-04 4.499999999999999833e-02 1.020408163265306025e-04 1.020408163265306025e-04 4.358163265306121970e-01 1.438775510204081363e-02 1.480612244897958896e-01 5.204081632653060306e-03 2.531632653061224314e-01 9.806122448979590067e-02
9.784735812133072677e-05 2.651663405088062683e-02 9.784735812133072677e-05 1.498043052837573219e-01 4.608610567514677403e-02 9.784735812133072677e-05 1.292563600782778710e-01 2.651663405088062683e-02 6.214285714285714413e-01 9.784735812133072677e-05
1.464128843338213749e-04 1.464128843338213749e-04 1.464128843338213749e-04 1.948755490483162489e-01 4.538799414348463138e-03 1.464128843338213749e-04 3.089311859443631333e-02 1.464128843338213749e-04 7.688140556368960876e-01 1.464128843338213749e-04
5.870171673819741809e-01 1.072961373390557882e-04 1.072961373390557882e-04 3.326180257510729515e-03 1.180257510729613643e-03 3.873390557939913881e-02 2.478540772532188824e-02 6.545064377682402457e-03 3.144849785407725085e-01 2.371244635193132944e-02
1.084598698481561773e-04 1.420824295010845832e-02 1.095444685466377341e-02 1.084598698481561773e-04 1.084598698481561773e-04 1.193058568329718018e-03 8.470715835140996131e-02 3.526030368763557465e-01 5.359002169197396581e-01 1.084598698481561773e-04
1.254705144291091772e-04 1.368883312421580734e-01 1.254705144291091772e-04 1.254705144291091772e-04 1.254705144291091772e-04 2.761606022584692788e-01 8.795483061480550979e-02 4.654956085319950088e-02 4.518193224592221280e-01 1.254705144291091772e-04
4.535188216039279241e-01 1.636661211129296096e-04 1.636661211129296096e-04 1.636661211129296096e-04 1.636661211129296096e-04 1.636661211129296096e-04 1.816693944353518428e-02 5.090016366612110793e-02 4.764320785597380703e-01 1.636661211129296096e-04
1.085776330076004392e-04 1.141150922909880544e-01 1.575461454940282335e-01 1.085776330076004392e-04 1.085776330076004392e-04 3.268186753528773414e-02 4.018458197611292082e-01 4.451682953311617355e-03 1.716612377850162685e-01 1.173724212812160689e-01
1.541401273885350219e-02 1.401273885350318637e-03 3.949044585987260964e-03 4.471337579617834512e-02 2.077707006369426679e-01 1.273885350318471488e-04 6.254777070063693989e-02 7.910828025477707748e-02 5.848407643312102389e-01 1.273885350318471488e-04
1.420454545454545386e-04 1.420454545454545386e-04 1.420454545454545386e-04 1.420454545454545386e-04 1.420454545454545386e-04 1.420454545454545386e-04 6.548295454545453864e-02 7.544034090909089718e-01 1.691761363636363202e-01 1.008522727272727001e-02
8.576329331046312861e-05 4.108919382504288564e-01 3.610634648370497635e-02 8.576329331046312861e-05 8.576329331046312861e-05 8.576329331046312861e-05 2.805317324185249150e-01 3.610634648370497635e-02 2.359348198970840638e-01 8.576329331046312861e-05
1.144164759725400514e-04 2.220823798627002132e-01 2.643020594965675082e-02 1.144164759725400514e-04 1.144164759725400514e-04 1.144164759725400514e-04 4.040045766590389387e-01 2.871853546910755478e-02 2.003432494279176190e-01 1.179633867276887738e-01
2.186528497409326310e-02 2.808290155440414451e-02 8.393782383419687299e-03 1.036269430051813342e-04 2.830051813471502475e-01 2.176165803108808059e-03 1.026943005181346902e-01 8.393782383419687299e-03 4.684974093264248629e-01 7.678756476683935850e-02
1.088139281828073911e-04 1.088139281828073911e-04 1.589771490750815919e-01 1.088139281828073911e-04 2.373231773667029143e-01 7.725788900979324060e-03 3.940152339499455869e-01 6.430903155603916177e-02 1.372143634385201150e-01 1.088139281828073911e-04
1.003009027081243679e-04 2.316950852557672982e-02 2.106318956870611644e-03 1.003009027081243679e-04 1.003009027081243679e-04 2.669007021063189433e-01 4.122367101303911485e-02 1.003009027081243679e-04 6.139418254764292815e-01 5.225677031093279440e-02
6.734258271077908642e-02 1.367129135538953932e-01 1.067235859124866608e-04 1.067235859124866608e-04 1.067235859124866608e-04 2.572038420490928637e-02 4.706510138740661875e-02 1.110992529348986124e-01 6.116328708644610535e-01 1.067235859124866608e-04
1.015697137580794281e-03 3.056325023084026024e-02 4.036011080332410073e-01 3.785780240073868645e-03 9.233610341643583384e-05 9.233610341643583384e-05 2.927977839335180188e-01 9.233610341643583384e-05 2.410895660203139501e-01 2.686980609418282775e-02
9.972801450589302737e-04 1.995466908431550168e-01 7.896645512239346132e-02 5.530371713508612508e-03 9.066183136899365878e-05 9.066183136899365878e-05 2.802357207615593926e-01 5.539437896645512532e-02 3.790571169537624852e-01 9.066183136899365878e-05
1.418439716312056725e-04 6.072340425531914665e-01 1.418439716312056725e-04 1.418439716312056725e-04 1.418439716312056725e-04 1.418439716312056725e-04 1.916312056737588532e-01 2.709219858156028740e-02 1.731914893617021167e-01 1.418439716312056725e-04
9.182736455463729169e-05 1.928374655647383017e-03 5.455463728191001227e-01 9.182736455463729169e-05 9.182736455463729169e-05 9.274563820018365268e-03 1.865013774104683220e-01 9.182736455463729169e-05 2.305785123966942185e-01 2.580348943985307647e-02
1.231527093596059019e-04 1.231527093596059019e-04 1.231527093596059019e-04 3.387931034482758452e-01 1.231527093596059019e-04 3.817733990147783012e-03 4.322660098522167205e-02 9.975369458128076697e-03 6.035714285714285365e-01 1.231527093596059019e-04
1.078748651564185560e-04 3.786407766990291385e-02 5.501618122977345975e-03 1.078748651564185560e-04 7.659115426105716877e-03 9.180151024811218641e-02 1.694714131607335528e-01 2.923408845738943024e-02 6.085221143473570349e-01 4.973031283710895728e-02
8.896797153024911661e-05 1.370996441281138734e-01 8.896797153024911661e-05 9.786476868327402285e-04 8.896797153024911661e-05 2.411032028469750968e-02 1.735765124555160022e-01 8.896797153024911661e-05 3.443950177935943269e-01 3.194839857651246007e-01
1.111111111111111164e-04 1.111111111111111164e-04 1.111111111111111164e-04 1.111111111111111164e-04 1.111111111111111164e-04 1.689999999999999836e-01 2.788888888888889014e-02 1.111111111111111164e-04 8.023333333333333428e-01 1.111111111111111164e-04
1.026694045174538107e-04 4.600616016427104826e-01 1.036960985626283333e-02 1.026694045174538107e-04 1.960985626283367686e-02 3.706365503080082113e-02 2.136550308008213495e-01 2.474332648870636656e-02 2.280287474332648723e-01 6.262833675564681221e-03
1.492537313432835565e-04 7.628358208955222652e-01 1.492537313432835565e-04 1.492537313432835565e-04 1.492537313432835565e-04 4.626865671641790766e-03 1.210447761194029526e-01 1.492537313432835565e-04 1.105970149253731050e-01 1.492537313432835565e-04
1.199040767386091153e-04 4.928057553956834841e-02 1.199040767386091153e-04 7.314148681055155331e-03 3.717026378896882630e-03 1.199040767386091153e-04 1.284172661870503496e-01 2.435251798561151038e-01 5.672661870503596937e-01 1.199040767386091153e-04
1.209150326797385662e-02 1.089324618736383548e-04 2.321350762527233103e-01 9.912854030501088223e-03 1.089324618736383548e-04 2.625272331154684252e-02 7.745098039215685126e-02 6.002178649237473185e-02 5.654684095860567083e-01 1.644880174291938821e-02
1.349527665317138943e-04 1.902834008097165769e-02 8.245614035087718563e-02 1.349527665317138943e-04 1.484480431848852729e-03 1.349527665317138943e-04 6.708502024291497223e-01 5.141700404858298712e-02 1.688259109311740502e-01 5.533063427800268691e-03
1.394700139470013954e-04 3.264993026499302675e-01 9.218967921896790985e-02 1.394700139470013954e-04 2.245467224546722484e-02 1.394700139470013954e-04 1.856345885634588522e-01 1.394700139470013954e-04 3.725244072524407368e-01 1.394700139470013954e-04
1.000000000000000048e-04 1.000000000000000048e-04 2.809999999999999998e-02 1.100000000000000066e-03 1.000000000000000048e-04 2.351000000000000034e-01 1.650999999999999968e-01 1.609999999999999973e-02 5.541000000000000369e-01 1.000000000000000048e-04
1.203369434416365894e-04 6.137184115523465315e-03 1.203369434416365894e-04 6.137184115523465315e-03 2.624548736462093967e-01 1.323706377858002497e-03 4.945848375451263740e-02 1.215403128760529465e-02 6.619735258724428473e-01 1.203369434416365894e-04
3.314484126984127421e-01 8.035714285714284921e-03 5.059523809523808896e-03 2.490079365079365253e-02 3.085317460317460458e-02 9.920634920634920626e-05 1.191468253968253899e-01 3.878968253968254065e-02 4.247023809523809978e-01 1.696428571428571647e-02
1.152073732718893873e-04 6.222350230414745997e-01 1.152073732718893873e-04 1.152073732718893873e-04 1.152073732718893873e-04 1.152073732718893873e-04 8.076036866359445621e-02 1.152073732718893873e-04 2.961981566820276468e-01 1.152073732718893873e-04
2.162718846549948736e-03 3.192584963954686085e-03 1.029866117404737403e-04 2.029866117404737214e-01 2.378990731204943393e-02 1.029866117404737403e-04 5.262615859938208490e-02 1.029866117404737403e-04 7.148300720906282102e-01 1.029866117404737403e-04
7.168037602820210782e-03 9.294947121034076443e-02 1.175088131609870864e-04 1.175088131609870864e-04 1.175088131609870864e-04 1.904817861339600515e-01 6.004700352526439605e-02 5.417156286721504233e-02 5.641598119858989291e-01 3.066980023501762742e-02
2.078111587982832686e-01 1.296137339055794015e-02 1.296137339055794015e-02 2.660944206008583612e-03 8.583690987124464140e-05 8.583690987124464140e-05 4.815450643776824496e-02 3.527896995708154626e-02 9.708154506437767506e-02 5.829184549356223322e-01
1.079913606911447204e-04 1.079913606911447204e-04 1.079913606911447204e-04 5.507559395248379577e-03 1.079913606911447204e-04 3.250539956803456115e-02 1.124190064794816368e-01 3.034557235421166468e-02 4.709503239740820968e-01 3.478401727861771264e-01
2.142857142857142964e-03 1.122448979591836749e-03 1.020408163265306160e-04 6.224489795918367388e-03 2.327551020408163140e-01 1.122448979591836749e-03 6.846938775510202912e-02 6.846938775510202912e-02 6.184693877551020735e-01 1.122448979591836749e-03
1.186239620403321419e-04 4.497034400948991539e-01 1.186239620403321419e-04 1.186239620403321419e-04 1.304863582443653493e-03 1.186239620403321419e-04 1.435349940688018799e-02 2.491103202846975048e-03 4.259786476868326899e-01 1.056939501779359247e-01
3.549528301886792359e-02 1.179245283018867798e-04 1.179245283018867798e-04 1.297169811320754646e-03 1.179245283018867798e-04 1.179245283018867798e-04 1.027122641509433804e-01 3.468160377358490143e-01 5.130896226415093686e-01 1.179245283018867798e-04
1.176470588235294015e-04 1.176470588235294015e-04 1.176470588235294015e-04 3.871764705882352886e-01 1.176470588235294015e-04 1.176470588235294015e-04 1.176470588235294015e-04 4.823529411764704809e-03 6.071764705882352064e-01 1.176470588235294015e-04
4.366347177848775227e-03 1.140575079872204467e-01 1.140575079872204467e-01 5.431309904153354233e-03 1.172523961661341846e-01 1.064962726304579413e-04 3.078807241746538970e-01 1.395101171458998889e-02 3.025559105431310236e-01 2.034078807241746639e-02
9.842519685039371297e-05 2.058070866141732125e-01 1.978346456692913619e-02 9.842519685039371297e-05 9.842519685039371297e-05 9.842519685039371297e-05 8.671259842519683791e-02 1.092519685039369977e-02 5.276574803149606252e-01 1.487204724409448842e-01
1.043577981651376031e-02 1.146788990825688137e-04 1.146788990825688137e-04 1.146788990825688137e-04 1.469036697247706469e-01 4.942660550458715524e-02 4.025229357798165014e-02 1.146788990825688137e-04 7.524082568807339833e-01 1.146788990825688137e-04
4.496330275229358242e-01 9.174311926605504554e-05 9.174311926605504554e-05 9.174311926605504554e-05 9.174311926605504554e-05 5.596330275229357588e-03 5.788990825688073577e-02 3.311926605504587201e-02 4.533027522935780262e-01 9.174311926605504554e-05
8.620689655172414487e-05 7.767241379310343974e-02 8.620689655172414487e-05 2.163793103448275953e-02 4.060344827586206962e-02 1.560344827586206996e-02 1.914655172413793072e-01 1.975000000000000089e-01 4.440517241379310365e-01 1.129310344827586139e-02
9.990009990009990001e-05 6.903096903096903048e-02 9.990009990009990001e-05 2.097902097902097900e-03 9.990009990009990001e-05 2.007992007992008207e-02 1.119880119880119762e-01 1.408591408591408634e-02 4.656343656343656656e-01 3.167832167832168033e-01
4.078947368421052821e-02 1.376794258373205682e-01 1.196172248803827786e-04 3.839712918660287411e-02 1.686602870813396979e-02 1.196172248803827786e-04 5.633971291866028686e-02 1.196172248803827786e-04 3.661483253588517228e-01 3.434210526315789602e-01
1.074113856068743312e-04 4.651987110633727385e-01 1.074113856068743312e-04 1.074113856068743312e-04 1.074113856068743312e-04 1.268528464017185664e-01 1.934479054779806584e-01 1.074113856068743312e-04 2.138560687432867757e-01 1.074113856068743312e-04
1.246882793017456545e-04 1.246882793017456545e-04 5.872817955112219490e-02 1.371571072319202091e-03 1.371571072319202091e-03 1.009975062344139682e-02 1.347880299251870140e-01 2.880299251870324304e-02 3.766832917705735806e-01 3.879052369077307105e-01
3.221383647798741756e-01 1.257861635220125724e-04 1.257861635220125724e-04 2.025157232704402274e-02 1.257861635220125724e-04 8.930817610062891446e-03 4.540880503144653635e-02 1.158490566037735647e-01 4.869182389937106725e-01 1.257861635220125724e-04
1.146788990825688002e-04 1.297018348623852901e-01 1.146788990825688002e-04 1.146788990825688002e-04 1.146788990825688002e-04 2.190366972477063995e-02 1.297018348623852901e-01 3.200688073394495348e-01 3.980504587155963003e-01 1.146788990825688002e-04
9.920634920634920626e-05 4.871031746031745380e-02 9.920634920634920626e-05 9.920634920634920626e-05 9.920634920634920626e-05 3.691468253968253621e-01 4.374999999999999722e-02 2.490079365079364906e-02 5.030753968253968145e-01 1.001984126984126894e-02
2.400000000000000223e-03 2.458285714285714241e-01 1.725714285714285631e-02 1.142857142857142970e-04 1.142857142857142970e-04 4.685714285714285242e-03 2.195428571428571229e-01 1.681142857142857161e-01 2.823999999999999844e-01 5.954285714285714737e-02
4.440038684719536111e-01 9.671179883945842538e-05 2.030947775628626824e-03 9.671179883945842538e-05 9.671179883945842538e-05 9.671179883945842538e-05 5.328820116054158729e-02 5.038684719535783257e-02 4.498065764023210789e-01 9.671179883945842538e-05
2.682417582417582214e-01 1.098901098901098900e-04 1.098901098901098900e-04 6.703296703296703074e-03 7.802197802197801541e-03 1.098901098901098900e-04 5.285714285714285948e-02 1.989010989010989161e-02 6.440659340659340426e-01 1.098901098901098900e-04
4.031465093411995722e-03 9.832841691248771210e-05 9.832841691248771210e-05 9.832841691248771210e-05 1.081612586037364928e-03 9.832841691248771210e-05 1.888888888888888840e-01 7.581120943952801561e-02 5.979351032448377845e-01 1.318584070796460228e-01
1.007049345417925477e-04 1.007049345417925477e-04 1.007049345417925477e-04 1.007049345417925477e-04 1.279959718026183191e-01 1.007049345417925477e-04 1.330312185297079508e-01 6.153071500503524971e-02 6.768378650553877884e-01 1.007049345417925477e-04
8.319467554076539302e-05 8.319467554076539302e-05 1.755407653910149787e-02 1.689683860232945034e-01 8.319467554076539302e-05 8.319467554076539302e-05 1.531613976705490932e-01 6.497504159733775986e-02 5.566555740432612698e-01 3.835274542429284450e-02
3.153611393692777338e-03 6.215666327568667576e-02 1.231943031536113925e-01 1.119023397761953389e-03 1.252288911495422208e-01 2.146490335707019331e-02 2.981688708036622781e-01 1.739572736520854715e-02 3.063072227873855913e-01 4.181078331637843454e-02
1.066925315227934068e-03 3.124151309408341737e-01 5.053346265761397144e-02 9.699321047526674334e-05 9.699321047526674334e-05 3.113482056256062364e-02 2.396702230843840986e-01 3.113482056256062364e-02 3.337536372453928646e-01 9.699321047526674334e-05
5.585879873551106156e-01 7.481559536354055392e-03 2.212855637513171710e-03 1.053740779768176953e-04 1.053740779768176953e-04 1.053740779768176953e-04 6.649104320337195784e-02 3.382507903055848031e-02 3.309799789251843816e-01 1.053740779768176953e-04
9.257142857142856146e-03 4.697142857142857370e-02 1.142857142857142970e-04 1.452571428571428624e-01 2.400000000000000223e-03 1.142857142857142970e-04 9.268571428571427406e-02 1.338285714285714356e-01 5.692571428571429060e-01 1.142857142857142970e-04
1.177856301531213321e-04 5.429917550058892955e-02 1.660777385159010675e-02 1.295641931684334653e-03 2.333333333333333370e-01 2.473498233215547758e-03 1.355712603062426413e-01 3.898704358068316028e-02 5.171967020023557904e-01 1.177856301531213321e-04
1.293661060802069637e-04 1.293661060802069637e-04 1.293661060802069637e-04 1.293661060802069637e-04 1.293661060802069637e-04 4.089262613195342455e-01 2.756791720569210513e-01 1.293661060802069637e-04 2.976714100905561988e-01 1.694695989650711263e-02
1.111111111111111164e-04 1.111111111111111164e-04 1.122222222222222197e-02 1.111111111111111164e-04 1.111111111111111164e-04 1.111111111111111164e-04 2.078888888888888731e-01 1.111111111111111164e-04 3.045555555555555793e-01 4.756666666666666821e-01
1.254237288135593049e-02 9.152542372881353888e-03 1.129943502824858742e-04 2.984180790960451746e-01 1.129943502824858742e-04 1.242937853107344481e-03 4.757062146892655080e-02 1.129943502824858742e-04 6.148022598870055422e-01 1.593220338983050710e-02
1.420454545454545657e-04 2.799715909090909061e-01 1.420454545454545657e-04 1.420454545454545657e-04 1.420454545454545657e-04 2.002840909090908977e-02 1.848011363636363480e-01 4.275568181818181768e-02 2.955965909090909061e-01 1.762784090909090828e-01
1.781928757602085078e-01 8.688097306689836056e-05 3.310165073848827383e-02 2.962641181581233962e-02 8.688097306689836056e-05 2.962641181581233962e-02 9.304952215464812326e-02 4.178974804517810587e-02 5.891398783666377259e-01 5.299739357080799317e-03
3.423076923076923128e-01 2.533156498673739751e-02 1.326259946949601999e-04 8.090185676392571898e-03 1.326259946949601999e-04 1.326259946949601999e-04 1.737400530503978302e-02 5.583554376657823975e-02 5.492042440318302132e-01 1.458885941644562281e-03
7.314148681055155331e-03 1.152278177458033459e-01 1.199040767386091153e-04 1.199040767386091153e-04 1.535971223021582732e-01 3.717026378896882630e-03 9.844124700239807735e-02 3.729016786570743536e-02 5.840527577937649761e-01 1.199040767386091153e-04
1.870748299319728060e-03 5.205782312925170130e-01 1.700680272108843691e-04 1.700680272108843691e-04 1.700680272108843691e-04 1.377551020408163129e-02 1.515306122448979442e-01 5.119047619047619596e-02 2.603741496598639404e-01 1.700680272108843691e-04
1.309523809523809685e-03 2.882142857142857006e-01 1.559523809523809430e-02 1.190476190476190475e-04 8.452380952380952536e-03 1.678571428571428575e-02 2.560714285714285610e-01 6.559523809523809534e-02 3.429761904761904900e-01 4.880952380952380786e-03
9.954751131221720086e-04 1.068778280542986431e-01 3.900452488687782687e-02 9.049773755656108430e-05 9.049773755656108430e-05 3.447963800904977477e-02 2.344796380090498067e-01 3.086877828054299111e-01 2.733936651583710464e-01 1.900452488687782906e-03
1.687116564417178149e-03 2.469325153374233445e-02 5.076687116564417707e-02 1.533742331288343648e-04 1.533742331288343648e-04 1.855828220858895747e-02 3.789877300613496702e-01 3.866564417177913993e-01 1.243865030674846522e-01 1.395705521472392560e-02
1.140250855188141508e-04 8.221208665906498680e-02 1.140250855188141508e-04 1.415051311288483271e-01 1.140250855188141508e-04 1.140250855188141508e-04 9.361459521094640801e-02 4.230330672748004728e-02 6.386545039908779753e-01 1.254275940706955699e-03
1.656626506024096558e-03 1.612951807228915624e-01 2.305722891566265031e-01 1.656626506024096558e-03 1.506024096385542301e-04 3.162650602409638589e-03 3.766566265060241059e-01 2.725903614457831498e-02 1.899096385542168586e-01 7.680722891566264462e-03
8.787346221441125335e-05 8.787346221441125335e-05 2.557117750439367315e-02 8.787346221441125335e-05 8.787346221441125335e-05 3.699472759226713620e-02 9.235500878734621832e-02 8.875219683655535124e-03 4.842706502636204280e-01 3.515817223198594021e-01
1.051524710830704598e-04 1.051524710830704598e-04 1.156677181913775112e-03 1.482649842271293282e-02 1.956887486855941050e-01 1.051524710830704598e-04 9.369085173501576214e-02 4.311251314405887929e-03 6.899053627760252105e-01 1.051524710830704598e-04
1.196172248803827786e-04 2.632775119617224990e-01 1.196172248803827786e-04 1.196172248803827786e-04 1.221291866028708095e-01 1.925837320574162737e-02 1.711722488038277534e-01 6.100478468899521098e-03 4.175837320574162792e-01 1.196172248803827786e-04
1.440922190201729175e-04 1.440922190201729175e-04 3.025936599423631294e-03 1.440922190201729175e-04 5.376080691642651788e-01 2.031700288184437944e-02 7.651296829971181157e-02 2.319884726224783963e-02 3.142651296829971352e-01 2.463976945244956973e-02
4.279749478079331558e-03 2.202505219206680673e-02 1.148225469728601398e-03 2.548016701461378042e-01 5.323590814196242117e-03 6.367432150313151809e-03 8.778705636743214247e-02 8.674321503131524058e-02 5.314196242171189688e-01 1.043841336116910288e-04
1.286549707602339249e-03 1.532163742690058512e-02 1.181286549707602322e-02 2.233918128654971066e-02 1.638596491228070107e-01 1.169590643274853850e-04 1.311111111111110950e-01 3.520467836257309968e-02 6.188304093567251751e-01 1.169590643274853850e-04
1.694915254237287870e-03 1.540832049306625361e-04 1.540832049306625361e-04 1.540832049306625361e-04 1.540832049306625361e-04 9.107858243451462110e-01 3.713405238828967198e-02 1.540832049306625361e-04 4.946070878274267529e-02 1.540832049306625361e-04
1.144164759725400379e-04 3.994279176201372961e-01 9.267734553775741971e-03 1.144164759725400379e-04 1.144164759725400379e-04 1.270022883295194270e-02 1.076659038901601612e-01 4.473684210526315125e-02 3.834096109839816857e-01 4.244851258581235076e-02
1.104972375690607602e-04 1.104972375690607602e-04 1.172375690607734555e-01 2.829834254143646088e-01 7.845303867403313758e-03 1.337016574585635220e-02 3.215469613259668014e-02 1.558011049723756654e-02 5.183425414364640771e-01 1.226519337016574417e-02
1.059322033898305054e-04 3.612288135593220290e-02 1.059322033898305054e-04 1.165254237288135654e-03 4.343220338983050030e-03 1.069915254237287922e-02 5.730932203389829671e-02 1.281779661016948894e-02 5.615466101694914780e-01 3.157838983050847426e-01
8.635578583765113217e-05 8.635578583765113217e-05 3.290155440414507804e-02 6.398963730569948161e-02 4.671848013816926048e-02 8.635578583765113217e-05 1.313471502590673468e-01 7.348877374784110184e-02 6.512089810017270830e-01 8.635578583765113217e-05
1.113585746102449921e-04 1.681514476614699369e-02 2.906458797327394344e-02 1.113585746102449921e-04 1.113585746102449921e-04 3.129175946547884529e-02 1.793986636971046655e-01 1.014476614699331841e-01 5.502227171492205526e-01 9.142538975501113274e-02
6.886517943743937151e-03 1.561590688651794470e-02 9.699321047526674334e-05 3.501454898157128903e-02 1.882638215324927145e-01 9.699321047526674334e-05 8.642095053346264544e-02 9.699321047526674334e-05 6.645004849660524071e-01 3.006789524733268718e-03
1.162790697674418670e-04 8.965116279069766658e-02 1.162790697674418670e-04 1.162790697674418670e-04 8.255813953488372325e-03 1.162790697674418670e-04 1.222093023255813871e-01 1.872093023255813962e-02 3.791860465116279610e-01 3.815116279069767913e-01
2.536824877250409057e-03 2.872340425531914876e-02 5.295417348608838504e-01 8.183306055646481835e-05 8.183306055646481835e-05 4.173486088379705153e-03 2.030278232405891836e-01 1.317512274959083650e-02 2.185761047463175288e-01 8.183306055646481835e-05
9.827734711455640704e-02 2.670111972437553844e-03 2.498708010335917440e-01 8.613264427217916675e-05 8.613264427217916675e-05 8.699397071490094432e-03 6.554694229112832671e-02 5.779500430663220972e-02 5.168819982773471544e-01 8.613264427217916675e-05
9.267840593141797839e-05 2.974976830398517319e-02 5.237256719184429921e-01 9.267840593141797839e-05 9.267840593141797839e-05 3.799814643188136748e-03 1.715477293790546864e-01 1.214087117701575548e-02 2.540315106580167126e-01 4.726598702502316993e-03
9.236031927023944169e-03 7.194982896237171743e-02 2.633979475484606730e-02 1.563283922462941899e-01 1.140250855188141508e-04 1.140250855188141508e-04 1.084378563283922431e-01 5.826681870011402725e-02 5.428734321550741093e-01 2.633979475484606730e-02
4.238042269187986683e-02 2.458286985539488365e-02 1.112347052280311503e-04 1.769744160177975367e-01 1.112347052280311503e-04 1.112347052280311503e-04 9.021134593993325457e-02 1.345939933259176872e-02 6.519466073414905694e-01 1.112347052280311503e-04
1.210121012101210208e-03 9.471947194719471108e-02 1.100110011001100214e-04 1.111111111111111154e-02 1.365236523652365308e-01 1.100110011001100214e-04 1.343234323432343225e-01 5.610561056105609762e-03 6.161716171617162008e-01 1.100110011001100214e-04
9.708737864077670579e-05 2.408737864077669932e-01 2.038834951456310659e-03 1.067961165048543709e-03 6.893203883495145623e-03 3.990291262135922667e-02 1.447572815533980650e-01 3.699029126213592561e-02 4.767961165048543726e-01 5.058252427184466160e-02
2.276964047936085381e-02 1.532623169107856231e-01 1.331557922769640678e-04 5.459387483355525317e-03 1.331557922769640678e-04 9.201065246338215042e-02 5.073235685752330165e-02 5.739014647137150732e-02 5.980026631158456007e-01 2.010652463382157223e-02
1.145475372279495852e-04 7.457044673539517388e-02 1.260022909507445450e-03 1.145475372279495852e-04 1.260022909507445450e-03 3.676975945017181557e-02 4.479954180985108447e-01 3.562428407789232365e-02 3.746849942726231397e-01 2.760595647193585245e-02
1.012145748987854343e-04 4.261133603238866779e-02 2.439271255060728935e-02 1.012145748987854343e-04 2.531376518218623195e-01 1.325910931174088987e-02 2.045546558704453288e-01 3.957489878542510414e-02 3.077935222672065207e-01 1.144736842105263108e-01
2.004197271773347500e-02 1.049317943336831145e-04 2.529905561385099588e-01 1.049317943336831145e-04 1.049317943336831145e-04 1.049317943336831145e-04 8.929695697796431741e-02 2.528856243441763088e-02 6.055613850996852676e-01 6.400839454354669521e-03
1.225490196078431356e-04 1.360294117647058848e-02 1.237745098039215626e-02 1.973039215686274786e-02 5.036764705882353088e-02 1.727941176470588341e-02 1.128676470588235170e-01 2.463235294117647328e-02 6.189950980392157076e-01 1.300245098039215508e-01
1.213592233009708687e-04 1.213592233009708687e-04 1.213592233009708687e-04 1.213592233009708687e-04 1.213592233009708687e-04 3.496359223300970487e-01 4.381067961165047847e-02 6.189320388349513029e-03 5.705097087378639964e-01 2.924757281553397661e-02
8.613264427217916675e-05 2.334194659776055170e-02 8.613264427217916675e-05 8.613264427217916675e-05 8.613264427217916675e-05 8.613264427217916675e-05 3.281653746770026026e-02 5.651162790697674687e-01 3.067183462532299676e-01 7.157622739018087987e-02
1.758793969849246300e-03 4.865996649916248112e-02 8.375209380234506257e-05 8.375209380234506257e-05 8.375209380234506257e-05 2.170016750418760632e-01 1.759631490787269548e-01 5.946398659966499294e-03 5.503350083752094335e-01 8.375209380234506257e-05
5.510388437217705361e-03 2.448961156278229578e-01 5.338753387533875377e-02 9.936766034327011374e-04 1.544715447154471587e-02 4.254742547425474641e-02 2.123757904245709149e-01 5.158084914182475139e-02 3.216802168021680175e-01 5.158084914182475139e-02
1.112347052280311503e-04 1.902113459399332879e-02 1.112347052280311503e-04 6.785317018909899599e-03 2.335928809788654237e-03 1.112347052280311503e-04 1.291434927697441559e-01 8.131256952169076124e-02 7.609566184649610987e-01 1.112347052280311503e-04
6.204379562043795503e-03 1.216545012165450181e-04 1.216545012165450181e-04 1.216545012165450181e-04 8.163017031630169507e-02 6.094890510948905438e-02 1.363746958637469531e-01 5.000000000000000278e-02 6.631386861313869341e-01 1.338199513381995321e-03
1.061571125265392681e-04 6.221868365180466265e-01 1.061571125265392681e-04 1.061571125265392681e-04 1.061571125265392681e-04 3.832271762208067784e-02 1.614649681528662062e-01 3.301486199575371511e-02 1.444798301486199255e-01 1.061571125265392681e-04
1.939058171745152402e-03 2.409972299168975166e-02 5.364727608494921501e-02 4.709141274238226767e-03 8.402585410895660120e-03 1.578947368421052683e-02 6.058171745152354237e-01 1.025854108956602007e-01 1.829178208679593798e-01 9.233610341643583384e-05
1.121076233183856513e-04 2.354260089686098772e-03 1.121076233183856513e-04 1.929372197309416892e-01 2.813901345291480033e-02 1.121076233183856513e-04 4.719730941704036037e-02 6.289237668161434813e-02 6.660313901345291665e-01 1.121076233183856513e-04
6.660183066361555770e-01 1.144164759725400379e-04 1.144164759725400379e-04 1.144164759725400379e-04 1.144164759725400379e-04 1.258581235697940484e-03 2.299771167048054663e-02 1.258581235697940484e-03 3.078947368421052766e-01 1.144164759725400379e-04
7.605985037406483296e-03 1.246882793017456545e-04 1.246882793017456545e-04 2.457605985037406293e-01 1.246882793017456545e-04 2.880299251870324304e-02 3.877805486284289366e-02 2.132169576059850594e-02 6.572319201995012738e-01 1.246882793017456545e-04
2.698412698412698540e-02 2.956043956043956089e-01 1.721611721611721740e-02 3.785103785103785101e-03 1.221001221001221000e-04 1.221001221001221000e-04 9.658119658119657114e-02 1.111111111111111154e-02 4.323565323565323748e-01 1.161172161172161071e-01
5.750551876379691313e-02 2.328918322295805976e-02 1.103752759381898454e-04 1.103752759381898454e-04 1.103752759381898454e-04 1.214128035320088299e-03 1.115894039735099291e-01 3.874172185430464072e-02 5.784768211920530145e-01 1.888520971302428131e-01
1.608391608391608607e-02 8.091908091908092335e-03 7.092907092907092467e-03 3.606393606393606260e-02 9.990009990009990001e-05 9.990009990009990001e-05 9.800199800199799194e-02 3.306693306693306994e-02 4.856143856143856352e-01 3.157842157842157826e-01
8.792965627498002153e-04 1.446842525979216698e-02 1.926458832933653290e-02 7.993605115907274807e-05 5.283772981614708042e-02 7.993605115907274807e-05 6.363709032773781082e-01 1.439648281374900085e-01 1.319744204636290885e-01 7.993605115907274807e-05
1.470588235294117789e-04 1.133823529411764619e-01 1.470588235294117789e-04 1.470588235294117789e-04 1.470588235294117789e-04 3.250000000000000111e-02 5.972058823529412530e-01 1.470588235294117789e-04 2.560294117647058942e-01 1.470588235294117789e-04
9.891196834817012496e-05 1.029673590504450870e-01 2.284866468842729897e-02 9.891196834817012496e-05 3.828882294757665616e-01 3.066271018793273549e-03 2.651829871414441153e-01 1.563798219584569549e-01 6.636993076162214789e-02 9.891196834817012496e-05
1.010767160161507305e-01 1.345895020188425477e-04 1.345895020188425477e-04 1.158815612382234073e-01 1.345895020188425477e-04 1.345895020188425477e-04 4.320323014804845069e-02 6.339165545087482867e-02 6.757738896366083381e-01 1.345895020188425477e-04
6.149193548387095996e-03 1.008064516129032257e-04 2.127016129032258118e-02 1.008064516129032257e-04 1.008064516129032257e-04 2.127016129032258118e-02 7.167338709677419095e-02 1.533266129032258007e-01 7.259072580645161699e-01 1.008064516129032257e-04
9.025270758122744545e-05 2.500902527075812287e-01 9.927797833935018187e-04 2.797833935018050836e-03 1.814079422382671586e-02 7.310469314079422187e-03 1.724729241877256403e-01 2.536101083032490933e-02 4.333032490974729201e-01 8.944043321299638416e-02
1.181818181818181795e-02 2.727272727272727487e-03 1.298701298701298700e-04 2.727272727272727487e-03 1.298701298701298700e-04 8.324675324675323562e-02 2.741558441558441528e-01 5.207792207792207723e-02 5.728571428571428426e-01 1.298701298701298700e-04
9.505703422053232699e-05 6.921102661596958416e-01 9.505703422053232699e-05 9.505703422053232699e-05 1.045627376425855692e-03 3.716730038022814098e-02 1.673954372623574216e-01 1.996197718631178772e-03 9.990494296577946687e-02 9.505703422053232699e-05
4.706300813008129635e-01 1.117886178861788671e-03 1.016260162601626015e-04 2.550813008130081022e-02 1.016260162601626015e-04 4.166666666666665741e-03 3.973577235772357552e-02 7.215447154471543896e-03 4.279471544715446885e-01 2.347560975609756101e-02
1.116071428571428672e-04 1.116071428571428672e-04 2.065848214285714302e-01 1.908482142857143016e-02 1.116071428571428672e-04 2.020089285714285823e-02 1.195312499999999917e-01 3.024553571428571438e-02 5.893973214285714857e-01 1.462053571428571438e-02
9.950248756218905120e-05 2.089552238805969953e-03 3.941293532338308037e-01 9.950248756218905120e-05 9.950248756218905120e-05 9.950248756218905120e-05 3.692537313432835422e-01 4.587064676616914999e-02 1.881592039800994709e-01 9.950248756218905120e-05
5.641941391941391881e-01 9.157509157509157501e-05 9.157509157509157501e-05 7.417582417582417251e-03 1.007326007326007434e-03 9.157509157509157501e-05 4.221611721611721879e-02 4.670329670329670217e-03 3.755494505494505475e-01 4.670329670329670217e-03
1.019367991845055956e-04 5.208970438328235780e-02 1.019367991845055956e-04 1.019367991845055956e-04 2.722731906218144871e-01 1.019367991845055956e-04 1.203873598369011033e-01 3.272171253822629688e-02 5.220183486238532122e-01 1.019367991845055956e-04
1.175088131609870593e-04 3.209165687426556723e-01 1.175088131609870593e-04 1.175088131609870593e-04 2.467685076380728409e-03 1.292596944770857707e-03 4.678025851938895086e-01 1.656874265569917640e-02 1.728554641598119557e-01 1.774383078730904645e-02
3.976082004555808735e-01 1.138952164009111672e-04 1.378132118451024998e-02 1.138952164009111672e-04 1.138952164009111672e-04 1.138952164009111672e-04 5.364464692482916186e-02 2.062642369020501187e-01 3.281321184510250788e-01 1.138952164009111672e-04
5.981781376518218590e-02 1.528340080971659840e-02 2.236842105263157909e-02 1.012145748987854343e-04 2.125506072874493863e-03 1.012145748987854343e-04 1.215587044534412881e-01 1.629554655870445526e-02 5.193319838056680293e-01 2.430161943319837925e-01
1.282051282051282050e-04 1.282051282051282050e-04 1.282051282051282050e-04 3.449999999999999734e-01 1.282051282051282050e-04 1.282051282051282050e-04 1.551282051282051010e-02 2.692307692307692197e-03 6.360256410256409643e-01 1.282051282051282050e-04
9.775171065493646130e-05 4.115347018572824978e-02 1.075268817204301074e-03 9.775171065493646130e-05 3.422287390029325471e-01 3.626588465298142411e-02 1.545454545454545137e-01 1.182795698924730965e-02 3.197458455522971255e-01 9.296187683284455605e-02
9.596928982725528299e-05 3.934740882917465640e-03 1.258157389635316536e-01 9.596928982725528299e-05 9.596928982725528299e-05 9.596928982725528299e-05 6.277351247600767570e-01 5.287907869481765777e-02 1.891554702495201468e-01 9.596928982725528299e-05
1.524390243902438752e-04 1.539634146341463047e-02 1.524390243902438752e-04 1.524390243902438752e-04 1.524390243902438752e-04 9.483231707317071324e-01 9.298780487804875899e-03 1.996951219512194814e-02 6.249999999999998612e-03 1.524390243902438752e-04
1.212121212121212229e-04 3.769696969696970101e-02 1.212121212121212229e-04 9.818181818181817913e-03 1.576969696969696966e-01 4.969696969696969432e-03 2.921212121212121357e-02 3.163636363636363608e-02 7.237575757575758217e-01 4.969696969696969432e-03
1.170960187353629976e-04 1.416861826697892249e-02 1.170960187353629976e-04 1.288056206088992973e-03 1.757611241217798548e-01 1.768149882903981285e-02 7.974238875878220112e-02 4.800936768149882683e-03 6.909836065573771169e-01 1.533957845433255203e-02
8.968609865470852916e-05 4.619730941704036087e-01 8.968609865470852916e-05 9.865470852017936988e-04 9.865470852017936988e-04 8.968609865470852916e-05 2.018834080717488710e-01 7.542600896860986170e-02 2.574887892376681586e-01 9.865470852017936988e-04
1.164144353899883451e-04 5.937136204889404897e-03 4.772991850989521771e-03 3.214202561117578405e-01 3.154831199068684061e-02 1.164144353899883451e-04 4.086146682188591256e-02 1.164144353899883451e-04 5.810244470314318566e-01 1.408614668218858938e-02
9.199632014719411955e-05 1.095676172953081867e-01 9.199632014719411955e-05 9.199632014719411955e-05 9.199632014719411955e-05 9.199632014719411955e-05 8.170193192272309224e-01 7.451701931922722830e-03 6.540938362465500977e-02 9.199632014719411955e-05
2.927289896128423222e-03 9.442870632672333106e-05 9.442870632672333106e-05 9.442870632672333106e-05 3.031161473087818845e-02 1.521246458923512790e-01 8.413597733711047910e-02 2.936732766761095473e-02 7.007554296506137703e-01 9.442870632672333106e-05
9.769094138543518106e-04 8.880994671403198031e-05 8.880994671403198031e-05 8.880994671403198031e-05 8.880994671403198031e-05 2.140319715808170625e-02 2.317939609236234488e-02 5.391651865008880717e-01 4.148312611012433537e-01 8.880994671403198031e-05
3.714453584018801435e-01 5.992949471210339864e-03 1.292596944770857707e-03 3.184488836662749400e-02 1.175088131609870593e-04 1.175088131609870593e-04 6.592244418331373590e-02 1.175088131609870593e-04 5.218566392479435656e-01 1.292596944770857707e-03
5.626936829558998321e-01 1.191895113230035644e-04 1.191895113230035644e-04 1.191895113230035644e-04 1.191895113230035644e-04 1.191895113230035644e-04 3.587604290822407616e-02 1.918951132300357465e-02 3.815256257449344268e-01 1.191895113230035644e-04
7.874015748031498393e-05 7.874015748031498393e-05 1.110236220472441034e-02 7.874015748031498393e-05 7.874015748031498393e-05 7.874015748031498393e-05 8.276377952755906708e-01 2.842519685039370664e-02 1.315748031496063175e-01 8.661417322834648368e-04
