4.119260873073509605e-02 4.567497781005406821e-01 1.214395223109820433e-02 5.688695231178892558e-03 1.859920923101751611e-02 4.656257564754297529e-01
1.084374677269441412e-03 4.291541877517298653e-01 2.726944128885676055e-01 2.070639264690695217e-02 7.797170298461220984e-03 2.685634617370649679e-01
6.106497313141183404e-05 1.740962383976551453e-01 6.369687347337568140e-01 7.700293111871031604e-02 6.106497313141183404e-05 1.118099658036150607e-01
4.509379509379510053e-05 1.858315295815295976e-01 6.723484848484848064e-02 7.454455266955266612e-01 4.509379509379510053e-05 1.397907647907647988e-03
1.192991723895052252e-02 8.060397957386865320e-02 8.258936432470507238e-01 5.326642014439162895e-03 4.402183483007573279e-05 7.620179609086108474e-02
4.060748802079104804e-05 1.425322829529765585e-02 9.591894745391051913e-01 4.060748802079104804e-05 4.060748802079104804e-05 2.643547470153496601e-02
2.668878166465622065e-02 7.293425814234018034e-01 1.201749095295537029e-01 6.438480096501811301e-02 5.026135906714919498e-05 5.935866505830318662e-02
1.810474255939238620e-03 1.894815861520798561e-01 5.700786010774529927e-02 2.874679855162059344e-02 2.693632429568135461e-03 7.202596485030469120e-01
3.000161733786188903e-02 1.674753355976063840e-01 7.909590813520946950e-01 7.358887271551028779e-03 8.086689309396735920e-05 4.124211547792334953e-03
1.620370370370370627e-02 3.090546942291128585e-01 1.668819982773471315e-03 9.743755383290269093e-03 6.487403100775193110e-01 1.458871662360034654e-02
7.112375533428166429e-04 2.671020302599250162e-01 3.297555929134876433e-03 1.558256821414716331e-02 7.132419500840553317e-01 6.465795939480150560e-05
5.774799620787728349e-01 2.534258381453073361e-01 9.053693010428338905e-02 2.331293630957511492e-02 2.546755149530294596e-02 2.977678186675860109e-02
1.210998643431075855e-01 1.826672232077637681e-01 6.214129187102160334e-02 5.859855994991129968e-01 5.217572785140353196e-05 4.805384535114264749e-02
3.605259437296763451e-03 7.621235684999295712e-01 2.198501343135869646e-02 1.845044535557755633e-02 1.937650219143221553e-01 7.069136151562282154e-05
6.903456998313659693e-03 1.866041315345700058e-01 4.642706576728498902e-02 5.269814502529511355e-05 7.372997470489038863e-01 2.271290050590219281e-02
2.154945863555135510e-03 5.897718910963944960e-01 1.529485966572059763e-02 4.367707347839799165e-02 5.255965520866185146e-05 3.490486702407233355e-01
3.049333160688851713e-02 4.733264275540593480e-01 1.547973585394276930e-01 2.888126375760715070e-01 9.775993784798653330e-03 4.279425093875437180e-02
2.948658649398704784e-03 3.874306197964847431e-01 5.781683626271971347e-05 5.781683626271971347e-05 6.094472710453283648e-01 5.781683626271971347e-05
1.491901108269394873e-03 2.750071042909917884e-01 7.104290991759023785e-05 2.209434498437056263e-02 6.742682580278488436e-01 2.706734867860187757e-02
1.570828264956319886e-01 1.294371336945703832e-01 2.803826163883667011e-01 1.166648236204799460e-02 1.714032953665818940e-03 4.197169081057171569e-01
6.499415052645265240e-05 8.228909398154168331e-01 2.736253737163656455e-02 7.864292213700769044e-03 4.881060704536593214e-02 9.300662940335373274e-02
1.044284556141061998e-01 4.707640859343332207e-01 3.187576003242805212e-01 3.501216051884880470e-02 5.066882853668423775e-05 7.098702877989461479e-02
4.404122258433894788e-05 2.281775742094600823e-01 5.474764379459173824e-01 1.633929357878975003e-02 1.805690125957896443e-03 2.061569629172906037e-01
2.237725185446838849e-01 1.990462734016248958e-01 3.061933356882138302e-01 2.713999764511951240e-02 5.887201224537855432e-05 2.437890027081126010e-01
1.643199833124739384e-01 3.953379224030038053e-01 3.119002920317063277e-01 4.224030037546933590e-03 2.716937838965373733e-02 9.704839382561535055e-02
1.078634843768015716e-01 8.710942003920212062e-02 5.251931280986971151e-02 7.096736999884699360e-02 5.765017871555402549e-05 6.814827625965640401e-01
8.632982021078737522e-02 5.383860301715232000e-01 8.839636288489359506e-02 2.599194048357099662e-01 2.278363298202108755e-02 4.184748915065096900e-03
5.280946345585130783e-05 6.422158850866076518e-01 2.234368398817068724e-01 5.867131389945079434e-02 4.071609632446135385e-02 3.490705534431770563e-02
7.118786857624262443e-02 1.877281662454367006e-01 9.271740147898530071e-02 1.408780305157727314e-02 4.680333239726669269e-05 6.342319573153608614e-01
6.188010181690511459e-03 3.493811989818309538e-01 3.458702712191696893e-01 2.593697884666023093e-02 4.388659703326604607e-05 2.725796541736154044e-01
7.004763239002523561e-05 1.247548332866349335e-01 8.203278229195853921e-01 8.475763519193052140e-03 7.004763239002523561e-05 4.630148500980667270e-02
3.391925295248558042e-02 1.520186761878604964e-01 1.332051634166437834e-02 4.577497024626934666e-05 4.577497024626934666e-05 8.006500045774970209e-01
5.908070424199458485e-05 6.180432470755052865e-01 1.246602859506085875e-02 5.908070424199458485e-05 3.598605695379890057e-01 9.511993382961129659e-03
8.764292457778245782e-02 6.703556068394000977e-01 8.082450435329908978e-02 1.233085072904647334e-01 5.244938634217981776e-05 3.781600755271163905e-02
3.774958134741723814e-01 1.952209197475203162e-01 2.808836789900812092e-01 3.162437202112585583e-02 1.996650779337885012e-03 1.127785649877624669e-01
3.772030313711667304e-01 3.419545294324991547e-01 2.203471977440958907e-01 4.278286922805780990e-02 4.406062742333451414e-05 1.766831159675713928e-02
5.556790397866194373e-05 9.613803067348302145e-01 1.283618581907091001e-02 2.394976661480329935e-02 1.722605023338520235e-03 5.556790397866194373e-05
7.659313725490198683e-05 6.594669117647060375e-02 8.916207107843138191e-01 1.462928921568627978e-02 7.659313725490198683e-05 2.765012254901961716e-02
6.125199068969741927e-05 2.095430601494548961e-01 6.988852137694474831e-02 1.537424966311405281e-02 6.186451059659438777e-03 6.989464657601371922e-01
3.777424798967538022e-02 5.708825573314803004e-01 4.273801250868659862e-02 3.356001191303485398e-01 5.460140970912341889e-04 1.245904894271816082e-02
2.263093121837822866e-02 1.846711335977027080e-01 1.005743197046355675e-01 5.544920005469710506e-02 6.837139340899766639e-05 6.366060440311772650e-01
3.336386235771293760e-03 3.618343582362946731e-01 5.312704435431113703e-01 9.224126651838283897e-03 6.541933795629988589e-05 9.426926599502813420e-02
4.696741273338745672e-03 4.929258958599095908e-01 1.745332250956743714e-02 2.464919401600371429e-01 7.543778267424330886e-02 1.629943175229038865e-01
6.185822095756529008e-05 8.617468761598419125e-01 2.171223555610541506e-02 6.006433254979588743e-02 1.119633799331931634e-02 4.521835951998021824e-02
5.072321165010331562e-02 2.913017809701859973e-01 4.826330807832333175e-02 5.219915379317130455e-02 4.826822788546689114e-01 7.483026665354718110e-02
5.158361704322709157e-05 6.092541008975550509e-01 5.008769214897349636e-02 5.725781491798206425e-03 3.224491901372125158e-01 1.243165170741772872e-02
3.686335035023151352e-02 5.990146028730856109e-01 2.974593375281966434e-01 2.024219399263920555e-02 2.380387035498041440e-02 2.261664490086667811e-02
5.722773161797553021e-01 3.712141517019566794e-02 3.131421424104351148e-02 2.059322791030108665e-02 2.948717948717949344e-01 4.382203162690968129e-02
5.292125317527520887e-05 6.361663844199831885e-01 2.778895004233701282e-01 4.344834885690094378e-02 5.292125317527520887e-05 4.238992379339543565e-02
4.254571810883140959e-01 4.405107047279215871e-01 2.681757359500446664e-02 2.626003568242641154e-02 2.285905441570027039e-03 7.866859946476360832e-02
5.142445747197368802e-05 6.269155610408311263e-01 6.736603928828552995e-03 2.705440707600535455e-01 1.136480510130618432e-02 8.438753471150881036e-02
1.810710737830759781e-02 2.199494265330082243e-01 5.089406664860470775e-01 4.203919443691862823e-02 4.515488124266233382e-05 2.109184502844757836e-01
6.069434328720563345e-05 5.020029133284777956e-01 3.702354940519543038e-03 6.075503763049282940e-02 3.769118718135469615e-02 3.957878125758679255e-01
6.159152500615916600e-05 4.866346390736634997e-01 6.775067750677507853e-04 1.909337275190933943e-03 5.100394185760039889e-01 6.775067750677507853e-04
2.968392597213558026e-02 2.745373258473695621e-01 1.799230609274277692e-01 6.191515907673112579e-02 5.198585984612185925e-05 4.538885423164899513e-01
2.332132492744921626e-01 4.463624537176023588e-01 2.452216551586110516e-01 1.355949164415090613e-02 5.503852696887821805e-04 6.109276493545481856e-02
5.725409366769726015e-05 7.363448986602544322e-01 2.347417840375587341e-03 2.153326462842093947e-01 1.895110500400779344e-02 2.696667811748541116e-02
4.652028284331969022e-05 2.875418682545590188e-01 1.586341644957201327e-02 1.167659099367324323e-02 6.666821734276143774e-01 1.818943059173799837e-02
1.695124969067062989e-02 5.003299513321786129e-01 2.041986307019715008e-01 2.157469273282191513e-01 4.124391652231297058e-05 6.273199703043802478e-02
3.814408167196379207e-01 4.522296060868727929e-01 7.131850139651353671e-02 3.327554656650293791e-02 1.011268419531927273e-03 6.072426081094096234e-02
4.313827934517590612e-01 3.564959944270290060e-01 1.393823290375014734e-01 1.689306861720655389e-02 5.578776268431441532e-02 5.805178218971323824e-05
1.168323112708818251e-02 9.996828082046946284e-02 8.881898921547897174e-01 5.286529921759358311e-05 5.286529921759358311e-05 5.286529921759358311e-05
1.710571330824495054e-04 9.254190899760518507e-02 8.503250085528565316e-01 1.710571330824495054e-04 1.881628463906944533e-03 5.490933971946629355e-02
4.509826860084230338e-02 2.743916705662143296e-01 4.275854000935891408e-02 7.668460458586803807e-02 4.990056153486195911e-01 6.206130088909686537e-02
5.641430666817105370e-05 4.271127157847230404e-01 1.213471736432359255e-01 3.729549813832788163e-01 5.641430666817105370e-05 7.847230057542592396e-02
1.385507524202051755e-01 5.042173871369692861e-01 5.564075529569636330e-02 2.837630595226685593e-01 4.792485382919583331e-05 1.778012077063165566e-02
8.238934952703491632e-02 2.628167698236599792e-01 3.036902954571996105e-01 5.669741912880999629e-02 2.224687609482658285e-02 2.721592899684689981e-01
5.028663381273258275e-05 2.690837775319320224e-01 6.587549029467967832e-03 5.028663381273258275e-05 6.829427738107211043e-01 4.128532636025344232e-02
5.495713343591999007e-05 5.424818641459662194e-01 1.599252582985271481e-02 6.045284677951199247e-04 4.259727412618158349e-01 1.489338316113431732e-02
6.328283430752713878e-02 2.123941309793630217e-01 7.640462841464869259e-02 6.126088512465703850e-01 5.964451866873435212e-05 3.524991053322199669e-02
5.150391429748662938e-05 8.251442109600330976e-01 1.009991759373712605e-01 2.477338277709106515e-02 5.150391429748662938e-05 4.898022249690977409e-02
3.346943929954538932e-01 4.828674861087726145e-01 2.567772352247853565e-03 4.209462872537465372e-05 2.146826064994107001e-03 1.776814278498064226e-01
1.816280730388656617e-01 2.637457921044578657e-01 1.505151484239518611e-01 8.063858002652249390e-02 5.100479445067836745e-05 3.234214016117515356e-01
4.375841507982303896e-03 3.424216195422196685e-01 4.409982688978650311e-01 9.184458549721101484e-03 4.808617041738796503e-05 2.029717253317945835e-01
5.703619205641399141e-04 2.292336409830965649e-01 7.829513636835009824e-03 5.185108368764907756e-05 7.145597842994918514e-01 4.775484807632479622e-02
5.622399640166424818e-05 7.472731361745195144e-01 5.909142021814912243e-02 5.065782075789948546e-02 2.648150230518386133e-02 1.164398965478466580e-01
4.228440175401962896e-03 4.829296304030069042e-01 2.793380664021716808e-01 8.044476926289413632e-02 5.220296512841930112e-05 1.530068907913969822e-01
6.977039198274769200e-04 2.448940758594443934e-01 1.529240137003678723e-01 6.013573512622099049e-01 6.342762907522518070e-05 6.342762907522518070e-05
6.213148085394782916e-01 2.429120072291879318e-01 8.251440189766183486e-02 5.647803004631200656e-05 5.647803004631200656e-05 5.314582627357958972e-02
5.859603890776984115e-05 4.869916793624751161e-01 4.400562521973514635e-02 1.177780382046173836e-02 4.371850462908707935e-01 1.998124926754951680e-02
9.417175277228576058e-02 5.312902948508554379e-01 1.164789822057939010e-02 2.024413306971547047e-02 2.609387088455257242e-01 8.170721224103844049e-02
7.286698463169052680e-04 4.491918388977212961e-01 1.596449390567037871e-02 7.286698463169052680e-04 5.041732909379968985e-01 2.921303656597774509e-02
5.625618199802178039e-03 6.411350148367953583e-01 3.178165182987142678e-01 1.916419386745796998e-03 1.298219584569733527e-03 3.220820969337290923e-02
8.790436005625880563e-05 2.752285513361463209e-01 5.952004219409283703e-01 4.755625879043601234e-02 5.362165963431786073e-03 7.656469760900140586e-02
6.003842459173871110e-05 3.218659942363112370e-01 1.867795389048991228e-01 5.589577329490873214e-02 4.208693563880883115e-02 3.933117195004802724e-01
1.101160559261628834e-02 8.051265649273510183e-01 3.568491272959883887e-02 7.041030795942612719e-02 4.984921867860733768e-02 2.791739011240063073e-02
7.766387076731905419e-05 1.825877601739670786e-01 1.018173345759552650e-01 1.080304442373407892e-01 6.290773532152842996e-03 6.011960236098167210e-01
5.556790397866194373e-05 6.557568348521894963e-01 1.284174260946877311e-01 1.534229828850856292e-01 5.556790397866194373e-05 6.229162036008003417e-02
2.312955525806931548e-02 1.480737765878328283e-01 2.826863007585899701e-01 8.180871634686896505e-04 7.437156031533542647e-05 5.452179086717240386e-01
4.407837318903822799e-01 4.324925816023739156e-01 1.444405655437249261e-02 2.186245418048525166e-02 1.575318554721592129e-02 7.466399022517018758e-02
5.328786102525844980e-05 4.503357135244591691e-01 4.791111584780987087e-01 1.444101033784504079e-02 5.328786102525844980e-05 5.600554193754662957e-02
5.738551589578790864e-05 4.556983817284517846e-01 4.350395960059681433e-01 3.391483989441065189e-02 5.738551589578790864e-05 7.523241133937794145e-02
3.768050541516245605e-02 1.911101083032490933e-01 1.286101083032491210e-02 7.153279181708784851e-01 7.521058965102286669e-05 4.294524669073405965e-02
4.988526389304599994e-05 4.854335029432306214e-01 4.793973860121719666e-02 9.528085403571785739e-03 3.931457647410955270e-01 6.390302304699191360e-02
1.753495714930086366e-02 7.454330175913398415e-01 3.670500676589986966e-02 1.471583220568336084e-02 5.638249887235004259e-05 1.855548037889039881e-01
1.598660170523752031e-03 3.509439707673570052e-02 7.612667478684533354e-05 9.349116930572474171e-01 7.612667478684533354e-05 2.824299634591961872e-02
4.815716272600834708e-02 3.529786740843764981e-01 4.937992582290218202e-01 5.795085767269355991e-05 3.888502549837737771e-02 6.612192860454334242e-02
4.633851649506199877e-01 4.176822861945787557e-01 1.103172935490649492e-03 2.789451565454928103e-02 4.780416053792813959e-03 8.515444421096869665e-02
4.528291964661338431e-01 4.807004627681952802e-01 2.529448885149348375e-02 1.845814051325200128e-02 4.259570887673538690e-03 1.845814051325200128e-02
5.755428781744572481e-02 7.154490246595510694e-01 3.087044534412956148e-02 4.053183658446816995e-02 1.292786161207214179e-02 1.426665439823334991e-01
9.640312974424854187e-02 6.382692981431742352e-01 5.377788158355718134e-02 3.801237883919188210e-02 5.839075090505666243e-05 1.734789209389233366e-01
1.912711780441891107e-01 5.999702764292085266e-01 1.936986029921728553e-02 1.625383929456059307e-01 6.489646289507581059e-03 2.036064599227187938e-02
4.421876839750383259e-01 2.432002825856588168e-01 1.507712233604144858e-01 3.361591899211115175e-02 5.887201224537855432e-05 1.301660190745319579e-01
1.683458193403944078e-02 1.972358563678636156e-01 6.204253853440110100e-02 4.305519676224920788e-05 4.395935589425643830e-02 6.798846120726771414e-01
2.337482091690544495e-01 4.338735673352435707e-01 3.765222063037249045e-02 9.446633237822349774e-03 1.486837392550143522e-01 1.365956303724928655e-01
2.459171150759936059e-02 1.949872557349193181e-01 1.751156424053620583e-02 1.184744642688568064e-02 4.720098178042103512e-05 7.510148211082789960e-01
2.917501251877817614e-01 6.529168753129696023e-01 5.264146219328994653e-02 2.566349524286430130e-03 6.259389083625440200e-05 6.259389083625440200e-05
2.606562404170500221e-03 7.084227742001432127e-01 4.144945313298580014e-02 1.615557599918226173e-01 4.502708780537668237e-02 4.093836246550138641e-02
4.836525440123816888e-05 8.067808086670537060e-01 9.968078932095185418e-02 5.852195782549817621e-03 4.836525440123816888e-05 8.758947572064230969e-02
1.720925671700333434e-02 4.947538733084919094e-01 4.079721514022357498e-01 7.893704647970191043e-03 4.902922141596392016e-05 7.212198470288291863e-02
8.168859649122807431e-02 5.818104288499025278e-01 2.687012670565302463e-01 3.356481481481481816e-02 2.747319688109162161e-02 6.761695906432749030e-03
2.630377724523565164e-02 4.017459774049983445e-01 2.745064475636198043e-01 5.939746662102019653e-02 5.705808513066301858e-05 2.379892730799954559e-01
1.265060240963855331e-01 4.107836303893259156e-01 3.191277506721099111e-02 3.107139301005675813e-01 4.978592054167082251e-05 1.200338544259683393e-01
6.701192718141871230e-02 5.304980121364302192e-01 1.098556183301946203e-03 2.667922159447583264e-03 9.839924670433145004e-02 3.003243356350701054e-01
1.169944830894699278e-01 6.686855360997843167e-01 3.064284000959463863e-02 6.782201966898539214e-02 1.259294794914848133e-03 1.145958263372511693e-01
5.385962717377705544e-02 4.723508069560866107e-01 5.010634305016889445e-02 3.985362191917928287e-01 6.255473539346928936e-05 2.508444889278118456e-02
2.439965228729762958e-01 6.623383679235033128e-01 6.030642181897209221e-03 5.873084863631426039e-02 2.884928827556232714e-02 5.433010974682170720e-05
6.166360535292575093e-03 5.366482987842211561e-01 8.313653459284528480e-02 3.197323537129363458e-01 2.230385725531356875e-03 5.208606664917345835e-02
5.256373531939272092e-02 2.922276329609472256e-01 2.993889048028263167e-01 1.174926000190967268e-01 1.437028549603743162e-02 2.239568414016996356e-01
5.328786102525846335e-05 8.148246829372270961e-01 3.628903335820100884e-02 5.328786102525846335e-05 2.723009698390707611e-02 1.215496109986145545e-01
6.294346532387276550e-04 7.708285648889907637e-01 4.125658045319296335e-02 9.218356603341727740e-02 5.722133211261160192e-05 9.504463263904786019e-02
5.516936996579499894e-05 8.060244952002648677e-02 6.984993931369303244e-01 1.865276398543528891e-01 5.516936996579499894e-05 3.426017874875868924e-02
4.579593332112108994e-05 1.960523905477193907e-01 6.965561458142517648e-02 7.652500457959333924e-02 4.579593332112108994e-05 6.576753984246198614e-01
5.306165764618488400e-05 6.580176164703386288e-01 1.650217552796350018e-02 7.380876578584316672e-02 2.133609253953094309e-01 3.825745516289929399e-02
5.654189754608165318e-05 1.662897206830261376e-01 9.103245504919145817e-03 7.406988578536695747e-03 8.148252855365826219e-01 2.318217799389347272e-03
3.110514759697487197e-03 4.818858258111735071e-01 3.110514759697487197e-03 2.079775555013418237e-02 4.587094413271530224e-01 3.238594779214442471e-02
1.206961548127670342e-01 4.141115858255843829e-01 3.889796431264136989e-01 1.702689117868811525e-02 6.974114099019854823e-03 5.221161095752701459e-02
2.572402996757240934e-01 4.780834171978084468e-01 6.602929665660293990e-02 7.883260650788327314e-03 1.275299116627530149e-01 6.323381415632338409e-02
4.264503857127761588e-01 4.814012469618514922e-01 1.167705801542851321e-02 2.382965233012787273e-02 1.537567367642397008e-02 4.126598330339216469e-02
3.978357733927435122e-05 1.329169318905156216e-01 3.146880967536600654e-02 2.947963080840228928e-02 3.978357733927435122e-05 8.060550604710375877e-01
2.219095042216929960e-03 4.476618315652738933e-01 4.346720069279065291e-01 5.526087897813379557e-02 5.412426932236415281e-05 6.013206321714657104e-02
7.538067239559777797e-05 2.450625659580883686e-01 6.589024574099201503e-01 7.538067239559777797e-05 7.538067239559777797e-05 9.580883461480477203e-02
5.663797009515181215e-05 6.191096511101044086e-01 5.159719075668329352e-02 5.663797009515181215e-05 3.194947893067513478e-01 9.685092886270960447e-03
6.271165182490907408e-05 6.008403361344538673e-01 6.271165182490907408e-05 1.197792549855763305e-02 3.487394957983193655e-01 3.831681926501944585e-02
4.617882878311175762e-03 8.586724855373999432e-01 6.647721506140263914e-03 1.476707601745661652e-02 3.202070435400386494e-02 8.327412970668833514e-02
4.918976357035332453e-02 4.560789869830869647e-01 2.785353758965731785e-01 1.488089967236341515e-01 4.427521473479147725e-05 6.734260161161782776e-02
7.559665125577908450e-03 5.129951268274397513e-01 3.629888791703111961e-02 1.881169561414469948e-01 3.067599650131200978e-02 2.243533674871923400e-01
4.760544606302961467e-05 6.241073978863181937e-02 8.721793773207654477e-01 8.140531276778065206e-03 2.427877749214510036e-03 5.479386841854708146e-02
5.036261079774375981e-05 2.976933924254633879e-01 2.774979854955681238e-02 5.036261079774375981e-05 6.336120064464141333e-01 4.084407735697018205e-02
1.912178117620600692e-01 5.071966715394130576e-01 3.603958169346677121e-02 5.622399640166423463e-05 2.816822219723378110e-02 2.373214888114247301e-01
4.986039090546470249e-05 1.840347028320702127e-01 3.644794575189469477e-02 1.351216593538093549e-02 4.986039090546470249e-05 7.659054646988432413e-01
4.373305344179131233e-05 2.541327735502493246e-01 1.010233534505379331e-02 4.373305344179131233e-05 7.207644537741625390e-01 1.491297122365083626e-02
5.849197064766565148e-04 4.036477719876635506e-01 5.062745932149314010e-01 2.557694352866106760e-02 5.317451877060513032e-05 6.386259704349675492e-02
1.995996383830556942e-01 2.570709027508717992e-01 3.778251323776314341e-01 4.914115975720004942e-02 3.293297171638899425e-03 1.130698695596022291e-01
5.569169079973268277e-05 2.729449766094899088e-01 2.957228781465805548e-02 4.182445979059924018e-02 5.358097571842281859e-01 1.197928269102249976e-01
3.211546026750591309e-01 5.340774980330449395e-01 2.955350118017310151e-02 4.917387883556256268e-05 7.577694728560190052e-02 3.938827694728561091e-02
6.387327542156362437e-05 6.324092999489013822e-01 6.451200817577925316e-03 2.618804292284108125e-03 3.373147675012774793e-01 2.114205416453756106e-02
6.420968865015418137e-02 2.750920123346264901e-01 1.035014423555157687e-01 4.969163433800855567e-01 5.471003680493385273e-04 5.973341291156868821e-02
4.781028877414420273e-05 1.410881621724995316e-01 9.901510805125263159e-02 4.164276152227959493e-02 4.781028877414420273e-05 7.181583476764199503e-01
8.310667875491087059e-04 4.087337564218797986e-02 2.651858567543064968e-02 9.218041704442431206e-01 7.555152614082807157e-05 9.897249924448476427e-03
1.027273819536225416e-02 8.549201009251473637e-01 6.013456686291002162e-02 2.108614682205936161e-02 3.670551483839962909e-02 1.688093235612159876e-02
3.437218721872188631e-02 6.526215121512152217e-01 5.912466246624663996e-02 2.205783078307831657e-01 2.869036903690369653e-03 3.043429342934294429e-02
9.643644379132991539e-04 1.938372520205731142e-01 6.291789125642909264e-01 1.565944158706833456e-02 2.801249081557678159e-03 1.575587803085966299e-01
3.696298574797499126e-02 5.362965241464165977e-01 4.208961345227110740e-02 3.712191120680817247e-01 5.126627704296115651e-05 1.338049830821286257e-02
5.995488543274367539e-03 3.971862756737504774e-01 3.745696307728837993e-02 3.152083580671970198e-02 5.058174047251573491e-01 2.202303217380980824e-02
6.129499609940936575e-04 5.745570043463725796e-01 1.955867602808426114e-02 1.175749470634124966e-02 3.527805639139642291e-01 4.073331104424385285e-02
5.246837122887729743e-01 3.844554543041671657e-01 1.552685127842166196e-02 1.813677784658940337e-03 1.464213040785632483e-02 5.887817393612316402e-02
6.002615000594318205e-03 4.018186140496850522e-01 1.372875312017116448e-02 5.943183168905266341e-05 5.616902412932367472e-01 1.670034470462379919e-02
6.159152500615916600e-05 2.199433357969943492e-01 1.361172702636117421e-02 6.159152500615916600e-05 7.551736881005173263e-01 1.114806602611480811e-02
3.970459779242436495e-05 7.984594616056539529e-02 1.544905900103231977e-01 2.505360120701977458e-02 1.230842531565155395e-03 7.393393154927340172e-01
9.485513421389007993e-02 2.082978270132083698e-01 7.887729015764806395e-02 2.561780997017469239e-02 6.444397102684277893e-03 5.859075415423945499e-01
5.492694716027685445e-05 8.651543447215206406e-01 5.772822146545096567e-02 2.696913105569593433e-02 1.702735361968582420e-03 4.839064044820390320e-02
2.563329312424607927e-03 5.112082830719743010e-01 1.317350221149980183e-01 1.935564937675914865e-01 1.010253317249698579e-02 1.508343385605147025e-01
1.036296143534749629e-02 3.851825118581150842e-01 2.273664673128480279e-02 1.654980408331615041e-02 2.712414930913590871e-01 2.939265828005774850e-01
2.278685113908249515e-01 4.520441069385207622e-01 9.575574742536148432e-02 7.182981379382086251e-02 5.201289919900136017e-05 1.524498075522729701e-01
4.184800803481754513e-05 1.410696350853699599e-01 4.616253766320723151e-01 1.008536993639102923e-02 4.184800803481754513e-05 3.871359223300971375e-01
5.174376487633240544e-05 1.920211114560695653e-01 2.747593914933250600e-02 1.298768498395943410e-02 2.638932008692952257e-03 7.648245886370692581e-01
3.060311498950625264e-01 6.462498619242241782e-01 9.996686181376343919e-03 6.682867557715676046e-03 5.523031039434443473e-05 3.098420413122722830e-02
7.470440702257255539e-02 2.986384808312433359e-01 4.736056371670847032e-01 5.971575301564553185e-05 1.439746805207213765e-01 9.017078705362474578e-03
7.977026164645820594e-05 1.923261008296107410e-01 1.044990427568602553e-02 6.549138481174218707e-02 7.977026164645820594e-05 7.315730695596682764e-01
2.363134887593672240e-01 2.769046627810158312e-01 3.939945878434638060e-01 2.607202331390508221e-02 2.654038301415487244e-03 6.406119900083263874e-02
8.000133102622123404e-01 1.378277652069746229e-01 6.655131106082792726e-05 1.537335285505125188e-02 6.655131106082792726e-05 4.665246905364037189e-02
5.393214355756030878e-04 4.295450088252598664e-01 3.055010786428711822e-01 2.638262404393018623e-01 4.902922141596392016e-05 5.393214355756030878e-04
4.492259115909554290e-01 2.852413933591362860e-01 3.264412303931554099e-02 2.602363006722346883e-02 6.727439397025870849e-02 1.395905479731106291e-01
6.615506747816883777e-05 1.614845197142101008e-01 3.975919555437947006e-02 1.594998676898650436e-01 6.615506747816883777e-05 6.391241069065890512e-01
4.715559462514127415e-02 3.686424714303654926e-01 5.683159613211101746e-01 6.279040562602034839e-05 6.279040562602034839e-05 1.576039181213110749e-02
4.719522755700952810e-02 2.555085153468680814e-01 7.894736842105262720e-02 2.934667564707014401e-03 5.499374579043586619e-01 6.547676320600404054e-02
7.951653944020358182e-05 4.301844783715014220e-02 8.826335877862597976e-03 9.288326972010180205e-01 7.951653944020358182e-05 1.916348600508906500e-02
6.690753378830457477e-05 4.911682055399438362e-01 1.659975913287836391e-01 1.445871805165261648e-01 6.690753378830457477e-05 1.981132075471698506e-01
6.252892714986578448e-02 3.231046931407943190e-01 8.937332222530780523e-02 1.439414977321114980e-02 4.628343978524485303e-05 5.105526242710358709e-01
4.362155662439877735e-01 2.984805421950153526e-01 1.520004372540446069e-01 5.465675557498907687e-05 5.465675557498907687e-05 1.131941407958023671e-01
2.912018007437855438e-01 5.500587199060482657e-01 4.893325504012528373e-05 3.963593658250147596e-03 2.255823057349775479e-02 1.321687218633783856e-01
5.116136293870868906e-05 4.451550189297043270e-01 1.837204543129029033e-01 2.671134759029980543e-01 4.149186534329274423e-02 6.246802414816330501e-02
5.100479445067836745e-05 2.377333469346118722e-01 5.610527389574620962e-04 5.661532184025298842e-03 7.324798531061920137e-01 2.351321024176272756e-02
1.081287442734641391e-01 7.424527193703749361e-01 4.469634676377306354e-02 3.471161752613650953e-02 1.820744743333725527e-03 6.818982732291790916e-02
3.034406602348018733e-01 4.278158781820295964e-01 1.348948041380913787e-01 7.445077298616763206e-02 3.492967569452517379e-02 2.446820876438452266e-02
3.738021082894106839e-01 2.797676090081456790e-01 6.588404408241495909e-04 1.323670340201246048e-02 1.143986583612841522e-02 3.210948730234787218e-01
5.835667600373485033e-05 8.199696545284782534e-01 5.374649859943979313e-02 3.682306255835669090e-02 1.225490196078431789e-03 8.817693744164334380e-02
1.008471157724889045e-04 2.239814441306978432e-01 5.910649455425575072e-01 6.968535699878983247e-02 1.008471157724889045e-04 1.150665590964098373e-01
5.631899076368553542e-05 7.530412255012391975e-01 1.132011714350079218e-02 1.509912142374409127e-01 2.539986483442217488e-02 5.919125929263348990e-02
1.814892623716153272e-02 5.667016806722690037e-01 2.509920634920635441e-01 7.061157796451914166e-03 9.459617180205415199e-02 6.250000000000000000e-02
3.677011325194881624e-05 7.357699661714958705e-02 1.768642447418738300e-02 4.081482570966318488e-03 4.044712457714369990e-04 9.042138549786733481e-01
2.487297648587971297e-02 2.157036511875221885e-01 3.550750324943873631e-02 6.534916696207018205e-01 5.908070424199457130e-05 7.036511875221553025e-02
1.856902559173375100e-01 2.968280668028355218e-01 4.368016340261925423e-01 3.670551483839961521e-02 6.007449237053947590e-05 4.391445392286435351e-02
1.956128663875143503e-01 6.129139703083366086e-01 5.762276360867911451e-02 2.336315188427865244e-02 1.432242101256186138e-02 9.616482679862964345e-02
6.137343801835675947e-03 6.016255667367025328e-01 4.484131372332191695e-02 2.455490434590291704e-01 3.710051973902466632e-02 6.474621254008626481e-02
4.953505007153077150e-02 6.444325226514069360e-01 1.913447782546495723e-02 5.424415832141155601e-03 5.960896518836435463e-05 2.814139246542681216e-01
1.838100476714338294e-02 2.530711404473781068e-01 2.525669233590025972e-02 1.196369636963696449e-02 6.468188485515218300e-01 4.450861752841950986e-02
2.427413608835055359e-01 4.311097256857855387e-01 7.842002137513359727e-02 9.396152475952976313e-03 4.453152832205201848e-05 2.382882080513003542e-01
9.324684350747137682e-03 9.029885323757675941e-01 2.496235375883239585e-02 4.233754199003823826e-02 1.222054905594811142e-02 8.166338468666746453e-03
2.146007534687127405e-01 6.074152347698246190e-01 3.128732886152715831e-02 1.382890747036663072e-02 4.598915740145181202e-02 8.687861802811726319e-02
5.337318531169940844e-05 1.926771989752348521e-02 3.427092228864219159e-01 4.702177625960717033e-02 5.337318531169940844e-05 5.908945345858240827e-01
5.516936996579499894e-05 5.495420942292839062e-01 1.677700540659825823e-01 2.587995145095443039e-01 5.516936996579499894e-05 2.377799845525764219e-02
5.616084465910367823e-05 5.566101314163764968e-01 1.707851286083342801e-01 2.011119847242502645e-01 3.987419970796360694e-03 6.744917443558351433e-02
5.532197388802834176e-05 8.249059526443905943e-01 1.234233237441912240e-01 6.140739101571145685e-03 5.532197388802834176e-05 4.541934056207126702e-02
4.037793749495275871e-05 1.240006460469999378e-01 4.821529516272308746e-01 2.426714043446660807e-02 4.037793749495275871e-05 3.694985060163127333e-01
6.915517596213214269e-01 8.545997118748716037e-02 7.980037044659396561e-02 3.246552788639638781e-02 5.145091582630172779e-05 1.106709199423750040e-01
7.549448890231013525e-05 6.726558961195833186e-02 1.533293069605918824e-01 1.548391967386380796e-01 7.549448890231013525e-05 6.244149177110072113e-01
1.009286934244235656e-01 4.302412467976088895e-01 1.660439795046968481e-01 9.612510674637061991e-02 1.499786507258753405e-02 1.916631084543125862e-01
8.267070554083051637e-03 6.784677521140983769e-01 1.105010728259498004e-01 2.656821910892339864e-02 6.310740880979428906e-05 1.761327779881358691e-01
4.430582213691618837e-02 3.743335465984218846e-01 8.429302623160588037e-02 7.629558541266794058e-02 7.517594369801663956e-03 4.132544252505865323e-01
5.228484785109276919e-05 8.402697898149118494e-01 2.933179964446304411e-02 4.757921154449441976e-03 1.108961622921677548e-01 1.469204224615706933e-02
5.014889009204114706e-02 6.220221981591771421e-01 2.633324309691391640e-01 4.067406605305901729e-02 7.444504602057390929e-04 2.307796426637791221e-02
3.165968072772674512e-03 3.032640684919290508e-01 1.828235084277178221e-03 1.297600998840631528e-02 6.787211272629982695e-01 4.459109961651654710e-05
8.805858550316679745e-01 1.056034482758620857e-01 4.442294159042928410e-03 4.398311048557355284e-05 4.398311048557355284e-05 9.280436312456018938e-03
7.643933644150495421e-03 6.690339368968883926e-01 9.600997506234416889e-02 3.529220427192888282e-02 4.776103220210344696e-02 1.442589179225848839e-01
6.318716036901302156e-05 1.763553645899153532e-01 6.275116896246683007e-01 4.486288386199924205e-03 6.318716036901302156e-05 1.915202830784784871e-01
7.267672756155679759e-02 4.454215363667309857e-01 3.745035742652899624e-01 3.693407466243049664e-02 5.673436968115284598e-05 7.040735277431067751e-02
2.686792060687935857e-01 6.911046451210642871e-01 3.689078250025980103e-03 7.326197651460045202e-03 1.563961342616648070e-02 1.356125948248987183e-02
6.220452848967407725e-05 7.458945011196816965e-01 3.303060462801692826e-02 6.220452848967407725e-05 6.282657377457080868e-03 2.146678278178652255e-01
4.566897520827061484e-03 6.494529760112417449e-01 4.220616280236877405e-02 1.611462410920405930e-01 3.919502157984543905e-02 1.034327009936766295e-01
1.534567396195541111e-01 3.303845367150746726e-01 2.429433421967682749e-01 7.112906524851707324e-02 1.284004908979341497e-01 7.368582532215177394e-02
1.496321336249751589e-02 3.808411214953271173e-01 4.827003380393716375e-02 4.280174985086498268e-02 4.026645456353152019e-03 5.090972360310200839e-01
1.732976707901482533e-02 2.697537055611278767e-01 6.129499609940934407e-04 4.513540621865597124e-03 6.999331327315279072e-01 7.856904045469742179e-03
6.069434328720564023e-05 5.772032046613255474e-02 1.705511046370478470e-02 6.130128672007769189e-03 6.069434328720564023e-05 9.189730517115805020e-01
1.230354024448325218e-03 1.079933322749642988e-01 3.489045880298460300e-01 3.968883949833306959e-05 3.968883949833306959e-05 5.417923479917446938e-01
1.030513918629550468e-02 4.225107066381156851e-01 2.145788722341184993e-02 4.461099214846538888e-05 1.655067808708065788e-02 5.291309778729478275e-01
4.716533844446686441e-01 8.882275799455260912e-02 5.351558559467366194e-02 3.787955210329869982e-02 1.563603349137496256e-03 3.465651165136689471e-01
2.376033057851239735e-02 3.063320369470102222e-01 2.132960622265435424e-02 6.076810889645114692e-05 6.265799708313076755e-01 2.193728731161886589e-02
4.777070063694269057e-03 8.398796886058034206e-01 2.364944562396792405e-02 5.077848549186129989e-02 5.897617362585517455e-05 8.085633404104744515e-02
4.876621476640984992e-05 6.369355310640789636e-01 8.685262849897593118e-02 1.629279235345753030e-01 4.876621476640984992e-05 1.131863844728372426e-01
1.561036528254761244e-04 6.259756478301592431e-02 7.073056509522323010e-01 1.561036528254761244e-04 1.561036528254761244e-04 2.296284733062753380e-01
4.869497467861318103e-05 8.785060381768603488e-01 5.215231788079471159e-02 6.529996104402027712e-02 4.869497467861318103e-05 3.944292948967667752e-03
7.476076555023925864e-05 7.476076555023925864e-05 7.476076555023925864e-05 9.996261961722490152e-01 7.476076555023925864e-05 7.476076555023925864e-05
2.851675534397461742e-02 8.228787454494540521e-01 3.365070475123681931e-02 3.831793148511155461e-02 2.058246989638757088e-02 5.605339307383554182e-02
9.431218356134872527e-02 7.955940967359691474e-01 5.768609285791232583e-02 1.675105030701282485e-02 4.901432726489282632e-03 3.075514381126791957e-02
2.591539098055440915e-01 4.443007860984692359e-01 1.603227141083988496e-03 5.171700455109640398e-05 7.711005378568473734e-02 2.177803061646669536e-01
2.829880043620502383e-01 6.113534472313099100e-01 4.852780806979280909e-02 6.058403004967891949e-05 3.089785532533624677e-03 5.398037077426390967e-02
4.241383952611740282e-01 4.685648896068929647e-01 7.141895530425418359e-02 1.151050080775444656e-02 6.731287022078622753e-05 2.429994614970382855e-02
5.712185560274420926e-01 2.412610258085593762e-01 7.682674507241643580e-02 1.911140150277687577e-02 4.851355766089514299e-02 4.306871392791027792e-02
3.579952267303103657e-03 7.778323739997194952e-01 1.410922364172399919e-02 7.721465674575322740e-04 7.721465674575322740e-04 2.029341569563387071e-01
2.969259431765253893e-03 2.929087098276665357e-01 5.822077317186773122e-05 4.133674895202608598e-03 6.824056823474615729e-01 1.752445272473218685e-02
5.056634304207121335e-05 6.407261326860842487e-01 2.099008899676376161e-01 6.624190938511328834e-03 5.056634304207121335e-05 1.426476537216828933e-01
4.058842652795839334e-01 3.706653662765496682e-01 8.024490680537495202e-02 5.418292154312961126e-05 5.418292154312961126e-05 1.430970957954053047e-01
2.697584427767354964e-01 2.709310506566604548e-01 2.914516885553471437e-01 1.764774859287054562e-02 5.863039399624766151e-05 1.501524390243902662e-01
5.778342771293195170e-05 6.466543395354213963e-01 2.011441118687161411e-01 1.248699872876459366e-01 5.778342771293195170e-05 2.721599445279094739e-02
3.738956668068995487e-02 7.541543962978546345e-01 6.105384938998739686e-02 2.056163230963399882e-02 5.258729490954986807e-05 1.267879680269247411e-01
5.475441830207092471e-03 7.850482489428604049e-01 9.546785210885831707e-02 5.968773717879216623e-02 5.963352488344358330e-04 5.372438469044780313e-02
4.420267003048460042e-02 4.846525806790707991e-01 1.214653631872174983e-01 2.154945863555135076e-03 2.996425943445811257e-01 4.788184589509092426e-02
5.748447919061854162e-05 8.398482409749367938e-02 1.138767532766153112e-01 2.247643136353184856e-02 5.748447919061854162e-05 7.795470223039778768e-01
2.911331109437211295e-01 5.359410308834607894e-01 2.964597008501022868e-02 8.398794791778758928e-02 1.942322177983428835e-02 3.986871839018616553e-02
5.280946345585130783e-05 8.640156316011831095e-01 5.286227291930715305e-02 2.381706801858893968e-02 2.117659484579637388e-02 3.807562315166878458e-02
1.279743103811328830e-01 4.648873447041482754e-01 6.848810275847547202e-02 2.737944830490630088e-01 5.264266161297115722e-05 6.480311644556749351e-02
1.191746709356101240e-02 1.340566820822957361e-01 5.519981026918059641e-02 1.132455828293608621e-02 5.929088106249259311e-05 7.874421913909640525e-01
2.018379850238258000e-01 5.183798502382573892e-01 5.304872119031411870e-02 1.138286492268793387e-01 4.862394242925217620e-05 1.128561703782943043e-01
7.544172846287651168e-01 1.758216607159205913e-01 4.398974640666484387e-02 6.912020507186671624e-03 2.334523482559736768e-03 1.652476425890323647e-02
5.689160086145010620e-02 1.567958841828188676e-01 5.808805934434074780e-02 9.033261545824360431e-03 5.982292414453219142e-05 7.191313711414213383e-01
7.409602845287493371e-05 2.216212211025489487e-01 2.082098399525785654e-02 9.706579727326615503e-03 7.469620628334322499e-01 8.150563129816243250e-04
8.173858097129445277e-02 1.909640729373533186e-01 1.584220978515977693e-02 1.850514533309261488e-03 2.301859541433471691e-03 7.073027622314497220e-01
2.502084684517743018e-01 2.576206800704160527e-01 1.579727601223014991e-02 4.632632261651070546e-05 5.142221810432687744e-03 4.711850273325303706e-01
1.117027367456773224e-01 2.090346959807626581e-01 6.818962555822741245e-02 6.355204397114394034e-03 5.725409366769724660e-05 6.046604832245505712e-01
7.126525171742029707e-01 1.856351891725623593e-01 2.978570696196043005e-02 1.589254588331795838e-03 5.126627704296115651e-05 7.028606582589974616e-02
8.462104488594555246e-03 4.236833806370230437e-01 1.619362976978871160e-01 5.255965520866183791e-05 5.834121728161463689e-03 4.000315357931252258e-01
3.667163067758749673e-02 3.065897244973939118e-01 5.845743360635393682e-01 5.776867709108959859e-02 6.205013651030032780e-05 1.433358153387937622e-02
1.300113954211126223e-02 5.169895369315239408e-01 1.114161400600849477e-01 2.165647985082358173e-01 1.610898166373148435e-02 1.259194032943126429e-01
8.206166303332294854e-02 1.505761445032700319e-01 4.391674452403197537e-01 5.190491020450535022e-05 5.190491020450535022e-05 3.280909374026783065e-01
