4.317008229788606433e-01 4.034210101662094529e-05 4.034210101662094529e-05 5.284815233177343752e-03 1.214297240600290505e-02 4.881394223011133703e-03 1.460787477811844315e-01 3.998305631757301803e-01
3.454667492771582027e-01 4.084056175134241629e-02 3.149524989673687953e-03 2.339425857083849425e-01 5.163155720776538228e-05 5.163155720776538228e-05 3.764456836018174046e-01 5.163155720776538228e-05
1.044694101843936934e-01 2.387348882647453985e-02 6.105751618024178736e-05 6.301746244962754817e-01 6.105751618024178736e-05 3.791671754793015520e-02 1.893393576749297924e-01 1.410428623763585430e-02
1.091622328433582978e-01 7.778429073856976128e-01 4.508972855983407968e-05 8.751916313463793673e-02 1.848678870953197016e-03 4.508972855983407968e-05 2.349174857967355548e-02 4.508972855983407968e-05
7.179329166299851239e-02 9.287789418082580128e-03 7.967250638260411910e-03 8.020512369046571832e-01 9.243771458755173842e-04 4.841975526014615102e-04 7.311383044282067367e-02 3.437802623470376240e-02
9.379567971414651956e-03 4.060419035244437774e-05 4.060419035244437774e-05 9.733230469384440697e-01 4.060419035244437774e-05 4.060419035244437774e-05 5.319148936170213504e-03 1.181581939256131503e-02
6.317720373906925424e-01 1.412202231380038295e-02 5.025630716654940611e-05 9.654236606694140133e-02 5.025630716654940611e-05 1.538345562368077235e-01 8.850135692029349743e-02 1.512714845713137093e-02
1.055722359590250958e-01 4.415400918403391574e-05 4.415400918403391574e-05 4.993818438714235641e-02 5.342635111268103330e-03 4.415400918403391574e-05 6.972359590250795103e-01 1.417785234899329172e-01
1.326811125485122533e-01 8.085381630012935909e-05 2.837968952134540396e-02 8.134702457956014543e-01 8.085381630012935909e-05 8.085381630012935909e-05 2.514553686934023133e-02 8.085381630012935909e-05
3.472386693939067959e-01 1.189579072020669794e-02 5.382710733125202496e-05 5.382710733125202496e-05 5.786952309182904486e-01 5.382710733125202496e-05 6.141672946495855406e-02 5.920981806437722881e-04
2.593095422808378570e-01 1.040858546677010665e-02 7.111455908973365360e-04 6.464959917248512978e-05 6.872898888026893749e-01 6.464959917248512978e-05 4.144039306956296548e-02 7.111455908973365360e-04
2.301361599448466522e-01 8.229920716994141086e-03 5.713977938641847665e-01 8.234229576008274265e-02 1.814029644950017339e-02 1.641675284384695038e-02 7.286280592899001263e-02 4.739744915546364036e-04
1.591715358931552471e-01 5.217028380634390128e-05 9.500208681135223487e-02 6.474332220367277901e-02 5.217028380634390128e-05 5.327107679465775680e-01 1.456072621035058301e-01 2.660684474123539006e-03
8.425925925925926707e-01 1.420695504664970694e-02 7.068136839129207725e-05 7.068136839129207725e-05 1.562058241447554854e-02 7.068136839129207725e-05 1.272971444727170054e-01 7.068136839129207725e-05
1.728843924544209154e-01 1.106544419854568534e-03 2.745284013067762763e-02 3.061439561597639400e-02 7.056064917272630854e-01 5.269259142164612291e-05 6.064917272631467626e-02 1.633470334071029668e-03
5.014189615303762393e-01 1.844649989489173872e-02 5.255413075467731387e-05 7.935673743956274048e-03 5.255413075467731387e-05 3.731343283582089047e-03 4.635799873870085630e-01 4.782425898675635514e-03
4.324831693423096257e-01 2.784179181771103129e-01 5.243397203521490794e-03 1.470093215950284693e-01 2.077938891765924306e-02 6.473329880890729660e-05 1.146426721905748208e-01 1.359399274987053161e-03
4.301653370331829929e-01 5.781015146259682911e-05 8.151231356226152844e-03 5.781015146259682911e-05 5.353798126951092584e-01 5.781015146259682911e-05 2.607237830963116815e-02 5.781015146259682911e-05
2.735473788890467328e-01 7.103281716152862245e-05 7.103281716152862245e-05 7.884642704929676130e-03 6.642278732774541394e-01 2.912345503622672856e-03 5.121466117346212821e-02 7.103281716152862245e-05
1.222357363998230750e-01 5.528527200353825394e-05 9.735736399823086140e-02 2.786930561698363618e-01 1.160990712074303367e-03 1.277089783281733747e-02 1.957651481645289737e-01 2.919615214506855461e-01
6.317260202755393683e-01 6.498570314530802616e-05 6.498570314530802616e-05 1.364699766051468604e-03 2.345983883545619750e-02 2.021705224850532667e-01 1.410839615284637250e-01 6.498570314530802616e-05
4.317053399533893887e-01 1.753470463066166829e-01 5.122099503495794459e-02 2.417164859661566356e-01 5.573006383625493925e-04 5.066369439659539932e-05 6.236700780220892637e-02 3.703516060391123105e-02
2.056984322705654455e-01 4.844107803417297699e-04 9.247842170160296051e-04 5.302536550995242681e-01 9.247842170160296051e-04 4.403734366742998216e-05 2.008543244671481265e-01 6.081557160472079310e-02
1.589945844125264796e-01 6.475158935719331184e-04 1.795973628443607306e-01 3.332352248646102688e-01 5.886508123381210291e-05 1.236166705910054066e-03 1.760654579703319900e-01 1.501648222274546418e-01
3.634894149546354924e-01 5.214308061320262850e-05 4.125039107310459752e-01 4.645948482636353544e-02 5.214308061320262850e-05 1.152362081551778009e-02 1.163312128480550461e-01 4.958806966315568859e-02
7.038275305510720281e-02 5.764353239566520241e-05 5.764353239566520241e-05 5.308969333640764510e-02 5.764353239566520241e-05 6.980631773115054950e-02 2.306317731150564765e-01 5.759165321650909775e-01
4.773736956297137679e-01 3.766401487756999567e-01 3.672900092984811987e-02 5.842545717532802302e-02 5.165822915590453072e-05 5.165822915590453072e-05 5.067672280194233936e-02 5.165822915590453072e-05
5.196430457281655535e-01 1.838103284401731985e-01 5.280388636603653942e-05 1.468476079839476089e-01 2.909494138768613236e-02 5.861231386630054961e-03 1.098848875277220333e-01 4.805153659309324525e-03
1.928584799700486518e-01 2.386746536877573568e-03 1.127854736053912448e-02 7.118120554099587050e-02 4.679895170348183825e-05 5.194683639086483673e-03 1.086203669037813374e-01 6.084331710969673734e-01
2.848428997718097100e-01 3.115674916622783452e-03 3.993329822713708246e-03 3.629541864139020357e-01 9.215376513954712506e-04 4.388274530454625325e-05 2.392048446550815999e-01 1.049236440231700734e-01
1.121305504972685274e-01 7.003782042302844396e-05 7.003782042302844396e-05 7.985011906429471118e-01 4.272307045804734499e-03 7.003782042302844396e-05 8.481580053228743310e-02 7.003782042302844396e-05
1.300347857927499351e-01 4.577077993409008706e-05 1.331929696082021462e-02 1.286158916147931396e-02 4.577077993409008706e-05 9.611863786158917266e-04 1.163035518125229012e-01 7.264280483339436989e-01
8.276819470699433579e-01 5.907372400756145183e-05 5.907372400756145183e-05 1.010160680529300845e-02 1.093454631379962294e-01 5.907372400756145183e-05 5.263468809073724303e-02 5.907372400756145183e-05
5.617264526956157189e-01 1.857037969372771491e-01 5.406964547933711118e-02 6.980281099223831220e-02 5.244388504300399835e-05 5.244388504300399835e-05 1.285399622404027886e-01 5.244388504300399835e-05
1.726558475012879845e-01 2.260432766615146777e-02 3.407393096342091199e-01 2.634595569294178041e-01 1.996393611540442804e-03 1.036836682122617252e-02 1.108320453374549014e-01 7.734415249871198772e-02
3.511763150938408407e-01 5.819896026081592538e-02 3.494140452903339300e-01 1.626134461186007629e-01 4.846241959644021630e-04 3.128028901224777242e-03 7.494052339413163899e-02 4.405674508767292206e-05
7.573619291032336331e-01 1.972996999666629669e-01 5.556172908100900421e-05 8.389821091232358904e-03 5.556172908100900421e-05 5.556172908100900421e-05 3.672630292254695089e-02 5.556172908100900421e-05
2.841170163884209135e-02 7.658140603461480243e-05 7.658140603461480243e-05 8.822943789247970070e-01 7.658140603461480243e-05 6.203093888803798590e-03 8.278449992341858910e-02 7.658140603461480243e-05
1.813449289563939248e-01 6.124448799608035168e-05 6.124448799608035168e-05 6.436795688388044501e-02 3.123468887800097231e-03 6.124448799608035168e-05 2.046178343949044409e-01 5.463620774130327762e-01
4.775163787969028961e-01 3.956223942823108852e-01 2.531268612269207269e-03 3.379988088147706238e-02 4.963271788763152424e-05 4.963271788763152424e-05 9.038117927337699364e-02 4.963271788763152424e-05
1.402105550998085648e-01 9.639048400328135979e-03 1.168990976210008102e-02 1.559338255400601336e-01 6.836204539239814010e-05 7.519824993163794734e-04 3.815285753349739739e-01 3.001777413180202192e-01
3.218864468864468531e-01 1.373626373626373517e-03 7.260596546310831012e-03 5.102694924123495346e-01 6.541077969649397247e-05 6.541077969649397247e-05 1.047226582940868483e-01 5.435635792778648751e-02
4.946080705009275880e-01 5.797773654916511474e-05 7.015306122448978707e-03 1.107374768089053850e-02 4.470083487940629957e-02 2.325487012987012825e-01 1.826878478664192840e-01 2.730751391465676900e-02
6.266081147946560570e-01 6.185056902523502467e-05 6.185056902523502467e-05 3.772884710539336356e-03 2.535873330034636025e-03 2.709673428995546529e-01 9.593023255813952488e-02 6.185056902523502467e-05
3.512888626524989788e-01 2.169421487603305498e-02 2.710547028728846689e-02 3.202479338842974949e-02 3.940869736324281725e-01 1.874262101534828612e-02 1.230322707595434689e-01 3.202479338842974949e-02
8.010625128945739748e-01 5.157829585310502165e-05 5.157829585310502165e-05 1.965133072003301395e-02 6.452444811223437271e-02 2.790385805652981568e-02 8.670311532906953278e-02 5.157829585310502165e-05
5.075379867046533322e-01 2.380698005698005659e-01 2.617521367521367243e-02 1.152065527065526951e-01 1.727207977207977085e-02 5.935422602089268374e-05 9.561965811965809914e-02 5.935422602089268374e-05
2.997141325710201559e-02 1.791138109701625666e-02 5.619528318742182948e-01 1.657137752367339456e-02 2.805520814722172740e-01 8.531356083616223676e-03 5.945149187064498186e-02 2.505806682151152237e-02
5.487882315588951121e-01 7.990263519949200935e-03 5.291565244999471096e-05 1.767911948354323470e-01 5.291565244999471096e-05 1.540374642819345996e-01 1.122340988464387707e-01 5.291565244999471096e-05
3.941911026870331125e-01 1.455011706990745786e-02 4.070130449325454203e-01 3.461924406288326150e-02 6.132233247853718624e-04 5.574757498048834496e-05 1.433270152748355453e-01 5.630505073029322231e-03
5.507507198683668781e-01 5.141916906622789250e-05 5.141916906622789250e-05 1.084944467297408593e-02 9.306869600987248414e-03 2.885129576306046939e-01 1.388831756478815516e-01 1.593994241053064715e-03
1.815513816145927217e-01 2.397507675636626270e-02 2.036301246162181694e-02 4.623893805309733929e-01 4.515080368430558153e-05 1.629944013003431502e-02 1.806483655409066302e-01 1.147281921618204664e-01
4.752397135574705223e-01 1.948051948051948007e-02 6.068697657482703548e-05 6.068697657482703548e-05 2.797669620099526439e-02 6.675567423230974445e-04 2.288505886636727771e-01 2.476635514018691586e-01
5.549328735065894858e-01 6.158393890873260486e-05 6.158393890873260486e-05 6.774233279960586128e-04 4.077472595147185186e-01 6.158393890873260486e-05 3.639610789506096677e-02 6.158393890873260486e-05
2.287659839900197389e-01 9.928266971618670764e-03 1.772533527393699987e-02 1.663894375714731200e-01 5.198045534878885366e-05 1.102505457947811490e-01 1.731468967668156611e-01 2.937415531760058096e-01
4.348108865319191274e-01 5.003001801080648325e-05 2.446968180908545010e-01 2.206824094456673879e-01 1.050630378226936196e-03 2.051230738443065617e-03 6.308785271162696551e-02 3.357014208525114368e-02
6.641286924662239688e-01 4.528280283947790086e-02 3.492099839706892372e-03 5.724753835585070551e-05 1.093427982596748525e-02 2.032860087016258588e-01 7.276162125028623473e-02 5.724753835585070551e-05
3.130988929202716542e-01 4.651595497255558710e-05 6.558749651130337151e-03 7.954228300307005645e-03 6.098706856451762137e-01 5.116755046981114920e-04 6.191273606847147448e-02 4.651595497255558710e-05
3.980122071923457572e-01 1.938716595183107849e-01 1.818706697459584326e-02 1.369597492576707376e-01 4.124051468162322600e-05 4.536456614978554860e-04 2.511959749257670627e-01 1.278455955130320060e-03
4.049980739599383650e-01 9.009052388289674751e-02 2.899171802773497508e-01 7.853428351309706124e-02 1.011171032357472983e-03 3.418721109399074868e-03 1.257222650231124839e-01 6.307781201848997737e-03
3.616786626422103246e-01 8.764801485953098090e-03 4.510680287903412466e-01 1.080218249361504373e-01 3.952867425121894124e-02 5.804504295333177960e-05 3.082191780821917637e-02 5.804504295333177960e-05
8.938577016597948344e-02 1.110053916904535538e-03 1.009620467279839437e-02 8.991965324030024576e-01 5.285971032878740433e-05 5.285971032878740433e-05 5.285971032878740433e-05 5.285971032878740433e-05
5.300957592339261212e-03 1.556087551299589408e-02 1.709986320109439101e-04 1.780095759233925878e-01 8.720930232558137679e-03 1.709986320109439101e-04 7.918946648426812285e-01 1.709986320109439101e-04
2.755293016727102251e-01 5.620540414083517733e-02 3.339571879752017275e-02 2.111358053573517135e-02 4.387062814364252605e-01 2.052871680898350412e-02 1.509533278746052198e-01 3.567668733185167061e-03
3.385040613718411362e-01 7.282265342960288212e-02 6.825361010830323892e-03 1.134363718411552230e-01 5.640794223826714324e-05 2.753271660649819208e-01 1.766132671480144245e-01 1.641471119133574089e-02
4.198294038719570520e-01 4.126413647690242992e-01 5.271228675483994241e-04 6.186505654590759851e-02 4.792026068621813131e-05 4.792026068621813131e-05 1.049932911635039212e-01 4.792026068621813131e-05
1.898061653432975282e-01 1.698972442783745762e-02 8.179588977113497195e-02 3.019033162073797016e-01 5.838393274170947843e-05 3.561419897244277703e-03 3.836408220457729890e-01 2.224427837459131210e-02
3.037510056315366191e-01 5.530973451327434636e-04 5.028157683024940024e-05 9.603781174577635804e-03 6.144911504424778181e-01 5.028157683024940024e-05 7.145012067578439263e-02 5.028157683024940024e-05
5.171447411803494765e-01 5.495109352676118129e-05 5.495109352676118129e-05 8.297615122540936972e-03 3.858116276513902099e-01 2.808000879217496110e-02 6.050115397296405156e-02 5.495109352676118129e-05
2.153506679389312894e-01 1.795085877862595200e-02 6.923902671755724492e-02 6.566078244274807518e-02 5.963740458015266943e-05 5.111521946564885344e-01 9.965410305343509745e-02 2.093272900763358535e-02
6.350293542074363362e-01 5.149860953754249027e-05 1.596456895663817205e-03 5.103512205170460114e-02 5.664847049129674269e-04 1.622721186527963932e-01 1.437326192192810992e-01 5.716345658667215668e-03
4.466285040828351649e-01 4.209108510817408967e-05 2.967842410977354906e-01 4.209108510817408967e-05 4.630019361899149729e-04 1.725734489435137419e-03 2.041838538597524899e-01 5.013048236383533390e-02
2.693288453692370132e-01 3.575071399428803726e-02 3.116075071399428478e-02 1.402998776009792004e-01 1.070991432068543357e-03 1.005201958384332739e-01 9.389024887800896668e-02 3.279783761729905822e-01
2.779594191749206744e-01 4.808154630252908893e-05 4.808154630252908893e-05 4.563419559573035356e-01 4.808154630252908893e-05 5.288970093278199443e-04 1.832387729589383674e-01 8.178671026060196914e-02
2.343944421401908118e-01 5.184570717544587657e-05 5.184570717544587657e-05 9.384072998755703388e-03 6.787121526337619448e-01 5.184570717544587657e-05 7.678349232683533143e-02 5.703027789299046964e-04
5.987744546885540586e-01 1.804587362266696707e-02 5.621767483696875014e-05 4.784124128626039696e-02 2.366764110636384102e-02 5.621767483696875014e-05 2.901394198335957020e-01 2.141893411288509075e-02
4.155444200856038828e-01 5.219751539826704211e-05 2.318091658837039271e-01 8.148032153669483579e-02 3.184048439294288966e-03 1.832132790479172949e-02 1.790896753314542289e-01 7.051884330305877024e-02
2.607179096905123949e-01 6.976154236428208644e-04 6.976154236428208644e-04 2.797437848807711736e-01 6.341958396752916949e-05 4.427321156773211253e-01 1.528411973617452985e-02 6.341958396752916949e-05
2.468375875310594714e-01 5.647165123108200877e-05 5.851027784052406089e-01 7.121075220239440895e-02 5.647165123108200877e-05 5.647165123108200877e-05 9.662299525638130826e-02 5.647165123108200877e-05
4.570541363955940573e-01 1.294820717131473994e-02 5.858917272088118094e-05 2.759550035153503569e-02 3.832317787672837595e-01 9.432856808061870768e-03 1.096203421607686718e-01 5.858917272088118094e-05
4.779525528623000952e-01 3.399518652226232729e-02 6.579852157469484597e-02 8.638473439917483329e-03 2.506016847172081730e-01 4.297747980058449525e-05 1.405793364277118651e-01 2.239126697610452008e-02
4.550933898529606059e-01 2.053252086369055339e-03 6.623393826996953275e-05 6.623393826996953275e-05 4.497946747913630361e-01 6.623393826996953275e-05 9.279374751622730677e-02 6.623393826996953275e-05
5.582272221535418133e-01 6.181233774261342818e-05 5.624922734577820528e-03 1.929163060946964825e-01 3.152429224873284051e-03 1.428483125231796158e-01 9.648905921621954429e-02 6.799357151687476829e-04
1.776234839163297330e-01 1.590789242397609368e-02 4.482334329407628055e-03 6.056424679205483219e-01 8.876779750395498783e-03 1.327122517138336864e-02 1.741079275795394399e-01 8.788890841975742268e-05
2.900108056189218408e-01 6.603433785568495803e-04 6.003121623244086293e-05 1.807539920758794438e-01 3.067595149477728156e-02 1.566814743666706741e-02 1.855564893744747201e-01 2.966142394044903319e-01
7.346948099415204769e-01 6.218019005847953695e-02 1.192434210526316027e-02 4.390533625730994732e-02 3.887975146198830584e-02 4.568713450292398762e-05 1.074104532163742826e-01 9.594298245614036724e-04
8.005901537505821786e-02 2.880882124553501775e-02 7.765180928715637867e-05 1.033545581612051317e-01 7.765180928715637867e-05 1.172542320236061308e-02 6.772014287932908161e-01 9.869544960397574895e-02
6.051227914212690129e-01 5.556172908100900421e-05 1.722413601511279049e-03 1.128458717635292818e-01 5.556172908100900421e-05 1.317368596510723466e-01 1.484053783753750688e-01 5.556172908100900421e-05
1.138459250446162835e-01 7.436049970255799121e-05 3.048780487804877287e-03 2.744646044021415432e-01 7.436049970255799121e-05 7.436049970255799121e-05 2.603361094586555402e-01 3.480814991076739973e-01
3.944934112924338709e-01 4.367745876603542493e-02 4.045291910288855708e-01 8.334060563749018727e-03 1.706082555196788628e-02 4.363382494109433775e-05 1.196003141635395700e-01 1.226110480844750869e-02
3.820865302642795780e-01 4.848678601875532415e-03 1.226023017902813095e-01 3.586423699914748076e-01 5.328218243819266822e-05 3.148976982097186766e-02 7.677962489343562180e-02 2.349744245524296518e-02
3.391668579297681396e-01 5.737893045673628169e-05 5.737893045673628169e-05 3.632660087215974221e-01 5.737893045673628169e-05 1.469474408997016313e-01 1.417833371585953406e-01 8.664218498967177912e-03
1.113701308467438533e-01 5.941494961648366990e-01 9.851105429387876575e-03 2.338697548503534257e-02 7.519927808693036453e-05 9.933824635283498850e-02 9.783426079109638906e-02 6.399458565197772841e-02
4.230347166799680592e-01 4.988028731045490401e-05 4.988028731045490401e-05 3.097565841979249557e-02 3.227753391859536913e-01 4.988028731045490401e-05 2.230147645650438770e-01 4.988028731045490401e-05
5.784755891306798681e-01 5.637614161686774531e-05 5.637614161686774531e-05 2.880820836621941772e-02 5.637614161686774531e-05 1.855338820611117656e-01 1.054797609651595414e-01 1.015334310519788036e-01
3.432790379053128615e-02 5.404171106713350110e-03 7.611508601004720069e-05 4.041711067133506308e-02 7.611508601004720069e-05 8.929060739838635685e-01 2.138833916882326366e-02 5.404171106713350110e-03
2.909375362150886102e-01 5.742264457063389615e-02 4.525437478270945973e-02 4.392745393440722901e-01 2.091783520686058342e-02 5.794414184725923912e-05 1.275350562058175652e-01 1.860006953297021690e-02
3.892740834121231064e-01 2.106313688412648349e-02 3.687887383128479746e-01 5.252652589557726709e-05 5.252652589557726709e-05 1.103057043807122595e-03 9.302447736106732312e-02 1.266414539342367862e-01
4.496266694710274181e-01 2.213692291513303170e-02 4.133452518666526077e-01 1.687874645073088667e-02 5.258176464402145061e-05 5.258176464402145061e-05 9.785466400252390562e-02 5.258176464402145061e-05
6.146379611739809512e-01 1.187321740730517966e-01 6.026313368295150609e-03 2.166712669058790813e-02 4.600239212439046442e-05 1.108657650197810221e-02 1.702548532523691094e-01 5.754899254761246946e-02
5.313521718822979967e-01 1.512727697337692689e-01 1.640588510042036499e-02 3.684026156001867641e-02 5.838393274170947843e-05 5.838393274170947843e-05 1.670364315740308359e-01 9.697571228397942888e-02
5.107489597780859869e-01 3.849316425599366709e-01 1.040221914008321964e-03 2.035862888844858568e-02 4.953437685753914307e-05 4.953437685753914307e-05 8.178125619179711647e-02 1.040221914008321964e-03
2.337532375794678374e-01 5.886508123381210291e-05 4.397810218978102093e-01 1.572286319755121231e-01 5.886508123381210291e-05 6.475158935719331184e-04 1.083706145514480718e-01 6.010124793972214385e-02
1.808593077320475306e-01 4.305148958153951893e-05 4.735663853969347150e-04 7.366109867401411659e-02 2.113828138453590494e-02 4.305148958153951893e-05 1.072412605476149305e-01 6.165403822972274073e-01
4.481600859521890912e-01 7.655116841257051004e-03 4.476676515355000119e-05 1.616080222043154990e-02 1.307637210135195738e-01 4.924344166890500538e-04 9.181663532993104837e-02 3.049064374608290717e-01
1.822257881819898395e-01 4.719652633566170707e-05 2.407022843118746674e-03 2.458939022087974768e-02 4.719652633566170707e-05 3.822918633188597710e-03 1.680668302812913240e-01 6.187936567868604909e-01
6.772437101013893956e-01 6.258605582676180618e-05 2.460257854550006451e-01 3.323319564401051862e-02 6.258605582676180618e-05 2.566028288897233538e-03 4.074352234322192734e-02 6.258605582676180618e-05
6.598017170891250505e-01 5.110384300899427812e-05 5.110384300899427812e-05 2.918029435813573186e-02 3.940106295993458380e-02 1.681827473426001918e-01 9.765944399018805511e-02 5.672526573998364248e-03
7.211045555663023743e-01 4.836057645807138611e-05 4.836057645807138611e-05 8.564658090724441841e-02 5.319663410387852473e-04 3.196634103878518568e-02 1.364251861882193884e-01 2.422864880549376390e-02
3.991077556623198186e-01 3.877831159917638493e-02 3.975879988234139878e-02 3.643004216099617332e-01 4.902441415825080915e-05 5.392685557407589413e-04 1.500637317384057312e-01 7.402686537895871409e-03
5.086490437324886482e-01 1.377147033743452154e-01 1.650627360214398584e-02 1.833962723839688003e-01 1.589718601534900744e-02 6.699963454744791705e-04 1.322329150931903785e-01 4.933609453039345880e-03
3.092765860337745032e-01 5.882017343678684618e-02 2.287768142400730190e-02 3.109881332724783176e-01 5.705157462345960705e-05 2.339114559561843252e-03 2.003080785029666688e-01 9.533318119580098948e-02
3.689267224213460539e-01 9.010354440461967179e-03 8.268618080446035745e-02 4.087017124651532579e-02 4.978096375945838232e-05 3.052070888092393575e-01 1.508861011549183506e-01 4.236360015929907519e-02
5.749032325557066336e-01 1.098441259545977723e-03 5.230672664504655984e-05 3.190710325347839629e-03 4.242075530913275161e-02 5.230672664504655984e-05 7.798932942776440336e-02 3.002929176692122892e-01
5.966542750929367811e-01 5.762081784386616223e-02 9.119798536994842830e-02 4.383019546708237513e-02 5.995922772514689905e-05 3.243794219930447309e-02 1.439621057680776917e-01 3.423671903105887648e-02
4.028646484863647181e-01 4.366399799849887131e-01 1.820115086314735842e-02 8.012259194395796036e-02 6.254691018263697623e-05 1.313485113835376542e-03 5.948211158368775509e-02 1.313485113835376542e-03
5.487288135593220151e-01 3.564211212516297245e-01 5.432420686657974410e-05 5.432420686657974410e-05 1.635158626684050237e-02 1.140808344198174619e-03 7.719469795740981077e-02 5.432420686657974410e-05
4.998688123141507011e-01 8.006821759664158045e-02 4.372922861640720531e-05 5.995277243309427018e-02 4.372922861640720531e-05 4.372922861640720531e-05 3.599352807416477118e-01 4.372922861640720531e-05
2.263223219400420094e-01 8.597479472980712467e-02 4.492075615810577766e-02 2.726274584685888791e-01 1.484628604162688444e-02 2.821271720450639620e-02 2.521004391827382229e-01 7.499522627458467261e-02
7.337489343563512456e-01 5.861040068201193911e-04 5.328218243819267500e-05 4.321184995737425288e-02 1.070971867007672676e-02 5.861040068201193911e-04 1.934676044330775890e-01 1.763640238704177604e-02
6.128275546401189544e-01 1.779379791738185113e-02 5.721478430026319433e-05 4.067971163748712593e-02 5.721478430026319433e-05 1.253575924018766330e-01 1.951596292481977413e-01 8.067284586337110028e-03
6.349293909973521832e-02 5.019858781994704540e-03 5.516328331862312644e-05 7.359333627537510969e-01 5.516328331862312644e-05 4.142762577228596699e-02 1.539607237422771502e-01 5.516328331862312644e-05
1.658118875354885891e-01 4.579173917025368748e-05 5.037091308727905488e-04 8.155508746222180083e-02 4.579173917025368748e-05 5.774338309368989147e-02 5.028390878285556864e-01 1.914552614708306677e-01
5.900360780984719167e-01 5.305602716468591434e-05 5.305602716468591434e-05 3.294779286926995121e-02 1.364070458404074981e-01 1.305708828522920140e-01 1.098790322580645157e-01 5.305602716468591434e-05
1.826662143826323081e-01 5.653550429669833348e-05 5.653550429669833348e-05 6.218905472636816886e-04 7.955110809588421539e-01 6.218905472636816886e-04 2.040931705110809666e-02 5.653550429669833348e-05
5.068301012318574550e-01 6.708135138431515435e-04 6.098304671301377607e-05 3.719965849493840279e-03 3.696182461275764886e-01 1.280643980973289291e-03 1.177582632028296022e-01 6.098304671301377607e-05
3.763663776856388532e-01 3.084558361603216212e-02 1.326171629601708701e-01 3.286216861414750223e-01 6.282196255811031249e-05 6.282196255811031249e-05 1.137705741927377695e-01 1.765297147882899723e-02
4.674083184257602497e-01 1.979539355992844252e-01 3.974731663685151378e-02 4.421958855098389457e-02 1.096265652951699254e-01 5.590339892665474087e-05 1.364601967799642102e-01 4.528175313059033293e-03
4.649725274725274304e-01 2.166103127641588657e-03 4.205938292476753548e-01 1.907227387996618742e-02 1.484573119188503654e-02 5.283178360101436707e-05 7.401732882502112809e-02 4.279374471682163665e-03
6.527965629723923857e-02 3.978041212506962118e-05 3.978041212506962118e-05 5.056090381096348813e-02 3.978041212506962118e-05 5.016309968971278954e-02 6.631792505370356361e-01 1.706977484286737456e-01
4.189306201969910104e-01 5.411841108345059079e-05 5.953025219179564715e-04 4.286719341920121051e-01 5.411841108345059079e-05 4.659595194285095360e-02 7.365515748457623912e-02 3.144279683948478926e-02
1.847301778715706722e-01 7.536930961712390721e-05 1.138076575218570884e-02 6.565420560747662337e-01 3.843834790473318278e-03 7.536930961712390721e-05 1.395085921012963193e-01 3.843834790473318278e-03
5.946879601313851404e-01 3.454524861252689875e-03 5.663155510250312148e-05 2.554083135122890702e-02 2.820817759655680490e-01 5.663155510250312148e-05 9.406501302525767383e-02 5.663155510250312148e-05
5.374341610233257516e-01 2.200902934537245920e-02 6.270378730875344195e-05 6.270378730875344195e-05 2.935164283922748751e-01 6.270378730875344195e-05 1.467895660897917953e-01 6.270378730875344195e-05
6.850517556322306412e-01 1.522731885528719742e-01 5.074081591231987664e-05 5.074081591231987664e-05 2.948041404505784974e-02 5.074081591231987664e-05 1.197990663689872254e-01 1.324335295311548921e-02
3.869753851602620864e-01 8.327430494067646072e-02 6.113865769435097852e-02 2.444218168939259750e-01 4.427129449265096504e-05 3.413316805383388719e-02 1.899681246679652824e-01 4.427129449265096504e-05
3.986131934032983160e-01 2.393178410794602473e-01 6.246876561719140225e-05 4.004247876061968470e-02 1.567966016991504188e-02 6.246876561719140225e-05 2.730509745127436272e-01 3.317091454272863560e-02
6.240479817212490898e-02 4.760091393754760879e-05 1.951637471439451703e-03 8.206873571972582715e-01 4.760091393754760879e-05 4.760091393754760879e-05 1.147658035034272717e-01 4.760091393754760879e-05
2.911169302044516183e-01 3.575385235169704825e-03 5.035753852351697757e-05 8.611139087521403612e-03 6.018229428945512938e-01 5.035753852351697757e-05 9.472252996273541892e-02 5.035753852351697757e-05
5.622329660445243293e-01 5.621767483696874337e-05 1.180571171576343462e-03 3.491117607375758547e-02 2.254328760962446415e-02 5.621767483696874337e-05 8.888014391724756436e-02 2.901394198335956465e-01
1.416392461860604413e-01 1.545517997806361565e-03 5.484096121248380412e-04 3.345298633961511087e-02 1.046963804965599749e-03 4.985541928407618434e-05 2.847242995313590819e-01 5.369927211087844876e-01
2.619818086408955415e-01 1.359979009970264073e-02 4.372922861640720531e-05 7.040405807241560503e-03 6.730365576351232670e-01 4.372922861640720531e-05 4.421025013118767832e-02 4.372922861640720531e-05
3.403339004678859747e-01 5.316886431305826798e-05 5.316886431305826798e-05 4.397596767333049605e-01 5.316886431305826798e-05 6.385580603998297633e-02 1.271267545725223158e-01 2.876435559336452258e-02
2.415418388429751984e-01 6.456611570247934064e-05 1.750387396694214892e-01 3.739023760330578150e-01 1.039514462809917363e-02 3.557592975206610997e-02 1.124096074380165067e-01 5.107179752066114825e-02
2.177859449827374838e-01 5.568548836173292947e-05 5.568548836173292947e-05 1.954560641496825776e-02 5.001113709767234239e-01 5.568548836173292947e-05 2.489698184653079405e-01 1.342020269517763681e-02
5.177991936276920004e-01 3.741764185268954546e-02 2.463860753269741799e-01 2.709214278690137007e-02 7.970301897925066714e-02 4.916904317041991256e-05 7.085259120857509418e-02 2.070016717474678150e-02
6.738408481287520013e-01 4.157619108442968392e-02 6.386511687316388309e-05 3.257120960531357644e-03 2.299782858602631430e-01 4.534423297994635144e-03 4.668540043428279218e-02 6.386511687316388309e-05
2.909787149393276429e-01 4.973145016908692568e-05 7.713347921225381654e-02 7.216033419534512161e-02 4.973145016908692568e-05 3.904416152775014859e-01 1.666500895166103113e-01 2.536303958623432973e-03
1.119131848169040849e-01 4.780571756382063245e-05 4.780571756382063245e-05 1.104790132899894639e-01 5.258628932020269773e-04 1.964814991873027952e-02 2.978774261401663237e-01 4.594607515058800606e-01
3.255778818552651499e-02 7.554011179936547232e-05 7.554011179936547232e-05 4.086720048345671846e-02 7.554011179936547232e-05 8.990028705242483209e-01 2.198217253361535103e-02 5.363347937754947559e-03
7.040485343584815814e-01 6.006727534839021278e-05 4.865449303219606531e-03 4.871456030754445221e-02 3.910379625180201990e-02 1.502282556463239160e-01 5.291926958193177155e-02 6.006727534839021278e-05
6.289233884576442835e-01 2.480593992575092985e-02 2.255596805039937133e-02 7.768027899651254453e-02 5.624929688378895880e-05 1.749915626054674433e-01 6.755540555743053122e-02 3.431207109911126128e-03
1.359628983377720590e-01 4.591789879695105101e-05 4.591789879695105101e-05 6.038662870787031567e-01 4.591789879695105101e-05 4.591789879695105101e-05 2.576453301496923198e-01 2.341812838644503209e-03
4.854931310231699326e-01 3.962989542751691463e-01 4.152142710682796625e-03 4.157268812794750329e-02 2.101701865901168566e-03 5.126102111954069607e-05 6.976624974369488585e-02 5.638712323149477380e-04
3.935778727445393699e-01 3.329772079772079507e-02 5.935422602089268374e-05 5.644586894586893500e-02 4.333452041785375020e-01 6.528964862298195686e-04 8.137464387464386772e-02 1.246438746438746420e-03
5.750501448629373735e-01 1.231334967684421730e-02 5.571651437486071162e-05 1.064185424559839672e-02 3.025963895698685069e-01 5.571651437486071162e-05 9.923111210162692541e-02 5.571651437486071162e-05
2.835721868365180254e-01 5.666135881104033406e-02 4.423213021939136736e-05 5.352087756546354373e-03 2.127565463552724689e-02 9.288747346072186942e-04 6.316790516631279884e-01 4.865534324133050071e-04
4.166270501545043525e-01 5.942476824340384828e-05 5.942476824340384828e-05 4.219158545281672876e-03 5.140836700736867160e-01 5.942476824340384828e-05 6.007844069408128235e-02 4.813406227715710979e-03
2.987436876462618573e-01 6.158393890873260486e-05 6.158393890873260486e-05 3.756620273432688829e-03 6.380711910333785042e-01 6.158393890873260486e-05 5.795048651311737742e-02 1.293262717083384743e-03
4.569636334762584851e-02 3.970144513260282713e-05 3.970144513260282713e-05 2.334841988248372024e-01 3.970144513260282713e-05 5.200889312370969575e-03 3.109020168334127310e-01 4.045974273463553983e-01
1.821812759612312094e-01 9.106401107679198970e-03 5.224198530194908152e-02 8.366173181382467738e-02 5.325380764724677653e-05 1.118329960592182341e-03 1.773884332729790125e-01 4.942485887740973305e-01
6.508677504393672875e-01 5.492091388400703334e-05 5.492091388400703334e-05 4.234402460456941630e-02 6.041300527240774142e-04 2.136972759226713758e-01 9.232205623901582059e-02 5.492091388400703334e-05
4.332596240828223699e-01 1.950447281133782240e-01 5.528193788320433927e-04 1.005628706402653394e-01 1.557945522163031379e-03 3.065634737159512926e-03 2.533420444265755411e-01 1.261433309880389923e-02
3.371997113104443500e-01 2.737395607794617866e-02 1.757913186926487320e-02 2.629137024435508445e-03 8.408083307557479014e-02 5.155170636148056611e-05 5.016496546035673632e-01 2.943602433240539995e-02
3.791866028708133496e-01 1.519138755980861122e-01 1.529540253796546623e-01 8.378406490534635875e-02 5.200748907842729179e-05 5.200748907842729179e-05 1.846785937174953152e-01 4.737882255044725821e-02
1.000502134069796573e-01 4.184450581638630854e-05 4.184450581638630854e-05 3.025776215582893780e-01 4.184450581638630854e-05 4.184450581638630854e-05 5.800066951209305044e-01 1.719809189053477308e-02
1.552669701986755246e-01 5.173841059602649680e-05 5.173841059602649680e-05 2.695571192052980194e-02 5.691225165562914783e-04 5.173841059602649680e-05 1.304325331125827936e-01 6.866204470198674636e-01
6.478352109564833317e-01 2.264192622045504890e-03 2.562955599734924039e-01 5.025403136735145243e-03 5.025403136735145243e-03 5.522421029379280815e-05 6.301082394521759222e-02 2.048818201899713087e-02
3.033795080009553113e-01 5.970862192500596584e-05 5.929663243372342851e-01 2.448053498925244383e-03 3.230236446142822904e-02 5.970862192500596584e-05 6.096250298543108570e-02 7.821829472175781742e-03
1.380602966980379320e-01 8.773329079598021600e-04 7.975753708725473196e-05 3.676822459722443176e-02 7.975753708725473196e-05 1.674908278832349480e-03 7.147072898388896478e-01 1.077524326048811404e-01
2.248412946196274298e-01 3.174107607451347266e-03 2.394109688833385152e-01 2.617858257883234341e-01 5.203455094182536802e-05 1.514725777916536564e-01 1.015194088875012862e-01 1.774378187116245134e-02
1.358131487889273348e-01 5.389938780942240930e-03 7.892600479105669198e-01 7.319669949427735868e-04 6.654245408570668601e-05 1.137875964865584302e-02 5.729305296779345358e-02 6.654245408570668601e-05
3.809687224237670033e-01 2.142857142857142738e-01 4.902441415825080915e-05 3.339052848318462274e-01 4.902441415825080915e-05 9.363663104225905184e-03 6.132954211197175209e-02 4.902441415825080915e-05
2.974335472043996287e-01 1.023525817293003369e-02 5.092168245238822330e-05 4.129748446888684837e-02 4.842652001222119695e-02 4.191363682656074618e-01 1.130970567267542415e-01 7.032284346674813613e-02
1.105304934515147358e-01 6.614631565021828418e-05 6.614631565021828418e-05 2.189443048022225030e-02 6.614631565021828418e-05 2.871411562375975612e-01 5.629712924990077916e-01 1.726418838470697090e-02
3.805248618784530246e-01 6.278252134605725012e-05 3.773229532898041139e-02 5.318307383224509799e-01 8.224510296333500253e-03 1.946258161727774808e-03 3.961577096936212683e-02 6.278252134605725012e-05
2.636617279199537922e-01 4.810467577448527870e-05 3.901289205310755348e-02 5.536848181643255068e-02 4.960073119107176187e-01 1.010198191264190812e-03 1.145372330190494448e-01 3.035405041370020998e-02
2.870090634441088001e-02 7.950389569088886347e-05 7.950389569088886347e-05 3.267610112895531771e-02 7.950389569088886347e-05 8.921132135474637570e-01 4.619176339640642531e-02 7.950389569088886347e-05
4.014583890821514234e-01 3.411827669253411025e-03 6.689858175006689720e-05 1.512576933369012278e-01 6.689858175006689720e-05 1.699892962269199670e-01 2.348809205244848652e-01 3.886807599678886171e-02
2.698537578674564674e-01 6.062569418733801396e-03 3.383006293965197531e-02 7.686967789707514764e-02 4.627915586819696591e-05 1.115327656423546754e-02 1.615605331358755947e-01 4.406238430211032453e-01
2.394250737785550143e-01 5.465078150617553562e-05 4.438189966116515284e-01 1.656465187452180465e-01 5.465078150617553562e-05 5.465078150617553562e-05 1.421466826975625597e-01 8.798775822494261933e-03
5.274977982190037773e-01 4.892846658185732761e-05 2.940600841569625257e-02 4.892846658185732761e-05 3.968098639788628784e-02 1.521675310695762978e-02 7.099520501027498098e-02 3.171053919170173652e-01
4.226007775731532301e-01 5.115612850419480292e-05 7.724575404133414251e-03 1.811438510333537866e-01 2.409453652547574945e-02 2.496930632289748320e-01 9.468999386126457363e-02 2.000204624514016760e-02
2.305691554467564353e-01 5.099959200326398067e-05 5.099959200326398067e-05 3.620971032231742187e-03 6.712056303549571723e-01 5.099959200326398067e-05 9.440024479804161317e-02 5.099959200326398067e-05
5.779304674653511498e-01 5.872680291284942017e-05 1.973807845900868996e-01 6.289640591966172423e-02 1.233262861169837857e-03 4.586563307493539410e-02 1.057669720460417961e-01 8.867747239840262710e-03
3.545443979544397606e-01 1.273245002324500108e-01 2.720246397024639329e-01 1.372036262203626122e-01 2.620874012087400992e-02 6.392375639237563977e-04 8.199674569967456417e-02 5.811250581125057915e-05
2.509881422924901129e-01 1.323511797820098139e-02 3.036890645586297621e-01 1.024074739489759175e-02 1.263624386154030450e-02 4.252006228290812484e-03 1.671457659599951961e-01 2.378129117259552006e-01
6.325708950869413094e-01 2.392344497607655409e-03 5.834986579530867645e-05 4.848873847590150221e-02 5.834986579530867645e-05 1.943634029641732042e-01 8.991714319057066140e-02 3.215077605321507714e-02
1.180681589030046080e-01 4.648114539221616381e-02 1.008267795926597960e-04 5.717886670699736662e-01 1.008267795926597960e-04 1.008267795926597960e-04 2.632587215164347572e-01 1.008267795926597960e-04
6.651086834102939438e-01 6.813830386304764106e-03 6.250703908097759130e-03 7.940083342718774057e-03 1.469760108120283897e-02 1.644892442842662561e-01 1.273228967226038844e-01 7.376956864511769081e-03
5.701365386859609252e-01 2.398179484187186114e-02 5.834986579530866967e-05 2.357918076788423356e-01 5.257322908157310154e-02 8.227331077138522186e-03 8.699964990080522043e-02 2.223129886801260280e-02
5.886462239870578900e-02 3.676740936833591020e-05 3.676740936833591020e-05 2.356790940510331694e-02 3.676740936833591020e-05 2.242811971468490224e-03 4.136701228031472999e-01 5.015442311934701358e-01
1.932301512287334655e-01 3.603497164461246915e-03 1.600897920604914954e-02 1.600897920604914954e-02 5.907372400756143150e-05 5.902055765595463077e-01 1.760987712665406379e-01 4.784971644612475219e-03
2.799735703988466828e-01 6.006727534839019245e-05 2.907856799615569088e-01 2.781715521383950063e-01 6.667467563671310854e-03 6.006727534839019245e-05 1.406174915905814282e-01 3.664103796251801191e-03
5.557617280426301321e-01 9.092206679988582008e-02 1.104291559615567658e-01 5.048054048910458058e-02 4.757826624797793330e-05 4.757826624797793330e-05 1.713293367589685257e-01 2.098201541535826831e-02
5.291353383458645698e-01 1.442945599292348377e-02 5.528527200353825394e-05 2.272224679345422396e-02 2.106368863334807592e-02 2.825630252100840289e-01 1.299756744803184372e-01 5.528527200353825394e-05
5.853498629157228850e-01 8.403862200500654064e-03 1.138395517940159717e-02 1.376802956252234922e-02 6.019787817379901144e-03 2.443676242698771765e-03 1.663487900822505638e-01 2.062820359995231889e-01
2.713814281785681404e-01 7.837565313044275728e-03 8.295902465853882343e-03 1.837931982766522962e-02 6.110092584104866997e-01 4.583371528096067511e-05 6.742139517829313922e-02 1.562929691080758993e-02
3.976756612343040342e-01 3.076854572980674413e-02 9.755988957164483943e-02 6.550004452756255646e-02 1.380354439397987265e-03 1.380354439397987265e-03 1.287291833645026196e-01 2.770059666933831766e-01
6.978804725503822137e-01 5.565207319898077265e-02 5.791058605513088343e-05 1.337734537873523470e-02 9.902710215427381127e-03 1.818971507991661019e-01 4.059532082464674396e-02 6.370164466064397787e-04
