7.300742174895128583e-03 2.863827040980961459e-03 8.470474346563408368e-04 4.033559212649242274e-05 4.436915133914166366e-04 4.073894804775734547e-03 3.925056469828977490e-01 5.283962568570507203e-03 4.033559212649242274e-05 9.402226524685382281e-02 1.653759277186189021e-03 4.909244917715391843e-01
5.162089613875697476e-05 5.162089613875697476e-05 5.162089613875697476e-05 1.084038818913896389e-03 1.229093537063803560e-01 1.734978319223622056e-01 1.600247780301466190e-03 2.689448688829238279e-02 3.050794961800537206e-02 2.313132355977700061e-01 5.162089613875697476e-05 4.119863720834194276e-01
6.104260774020267501e-05 6.104260774020267501e-05 6.104260774020267501e-05 6.104260774020267501e-05 6.104260774020267501e-05 1.624343791966793016e-01 1.104871200097668447e-02 4.475033573434257783e-01 6.104260774020267501e-05 1.490050054938347190e-01 4.034916371627395720e-02 1.892931266023684944e-01
4.508159769182220711e-05 4.508159769182220711e-05 4.508159769182220711e-05 4.508159769182220711e-05 4.508159769182220711e-05 2.213506446668470073e-02 4.508159769182220711e-05 6.901992606617979309e-02 4.508159769182220711e-05 5.905689297628708562e-03 7.177441168515011904e-01 1.848796321341628635e-01
4.401021036880556684e-05 2.684622832497139591e-03 4.401021036880556684e-05 2.684622832497139591e-03 3.776516151747205674e-01 6.605932576357714803e-02 2.204911539477158802e-02 3.239591585247778016e-01 4.401021036880556684e-05 5.329636475662354045e-02 4.401021036880556684e-05 1.514391338790599673e-01
4.059759662227997289e-05 4.059759662227997289e-05 4.059759662227997289e-05 4.059759662227997289e-05 4.059759662227997289e-05 4.059759662227997289e-05 4.059759662227997289e-05 9.695112049366679807e-01 4.059759662227997289e-05 7.348164988632675636e-03 4.465735628450797018e-04 2.236927573887626322e-02
5.024620641141594717e-05 2.060094462868053509e-03 8.798110742638931558e-02 3.522259069440257517e-02 5.024620641141594717e-05 8.898603155461763670e-02 5.024620641141594717e-05 2.668073560446186654e-02 5.577328911667169160e-03 5.833584564365390523e-02 5.024620641141594717e-05 6.949552808762938794e-01
3.134381070104185363e-03 1.809994702454529323e-03 4.856083348048738238e-04 4.414621225498852882e-05 4.414621225498852882e-05 4.414621225498852882e-05 1.059950556242274522e-01 6.758785096238742462e-02 4.414621225498852882e-05 6.397227617870386851e-01 4.414621225498852882e-05 1.810436164577079454e-01
8.082767539605560138e-05 1.947946977044939798e-02 8.082767539605560138e-05 8.082767539605560138e-05 2.505657937277723426e-03 7.129809246686064084e-01 8.082767539605560138e-05 3.887811186550273884e-02 8.082767539605560138e-05 7.355318461041058208e-03 8.082767539605560138e-05 2.183155512447461644e-01
5.236788289742762004e-01 3.282746744161016243e-03 5.381552039608223661e-05 5.381552039608223661e-05 2.206436336239371403e-03 5.381552039608223661e-05 5.381552039608223661e-05 5.381552039608223661e-05 5.381552039608223661e-05 2.427079969863308803e-02 4.897212356043483504e-03 4.413410827682704429e-01
6.043821096173732643e-01 5.881592554291622740e-03 6.463288521199585474e-05 6.463288521199585474e-05 2.591778697001033763e-02 6.463288521199585474e-05 6.463288521199585474e-05 6.463288521199585474e-05 6.463288521199585474e-05 7.109617373319544699e-04 2.003619441571871402e-03 3.607161323681488674e-01
1.942960537652938663e-02 5.308030329140100978e-01 6.074444252972602092e-03 4.308116491469931095e-05 4.308116491469931095e-05 2.244528692055833968e-02 4.308116491469931095e-05 3.795450628985008734e-02 4.308116491469931095e-05 4.484749267620197211e-02 1.766327761502671295e-03 3.365069791487163009e-01
5.215939912372210256e-05 1.408825370331734106e-01 9.440851241393700272e-03 1.257041518881702596e-02 1.517838514500313186e-02 2.352388900479866762e-02 5.215939912372210256e-05 4.882641351971626076e-01 5.215939912372210256e-05 1.142812434800751231e-01 5.215939912372210256e-05 1.956499061130816119e-01
7.066139061616733452e-05 7.066139061616733452e-05 7.066139061616733452e-05 7.066139061616733452e-05 1.483889202939513889e-03 7.066139061616733452e-05 7.066139061616733452e-05 7.772752967778405984e-04 2.170011305822498737e-01 3.964104013566986662e-02 7.066139061616733452e-05 7.406020350480496672e-01
6.264355705405120212e-01 2.639342535033189704e-02 5.268148772521336483e-05 5.268148772521336483e-05 4.267200505742282761e-03 3.692972289537456432e-02 5.268148772521336483e-05 5.268148772521336483e-05 2.159940996733747572e-03 3.376883363186176240e-02 5.268148772521336483e-05 2.697818986408176412e-01
3.205128205128205451e-03 5.254308532997058260e-05 5.254308532997058260e-05 5.254308532997058260e-05 9.568095838587642454e-02 6.357713324926440000e-03 5.779739386296764425e-04 5.779739386296764425e-04 3.730559058427910992e-03 3.184636401849517129e-01 5.779739386296764425e-04 5.706704497688104283e-01
7.183536111830183049e-03 9.125032358270774094e-03 6.471654154801967981e-05 1.864483561998446781e-01 6.536370696349986902e-03 1.230261454827853984e-01 2.006212787988609966e-03 6.471654154801967981e-05 1.236085943567175743e-02 1.055526792648200790e-01 1.171369402019156215e-02 5.359176805591508996e-01
4.803490925904518871e-01 6.357646514853773981e-04 5.779678649867066824e-05 5.779678649867066824e-05 5.779678649867066824e-05 1.213732516472083986e-03 5.779678649867066824e-05 5.779678649867066824e-05 6.357646514853773981e-04 8.727314761299270057e-03 6.357646514853773981e-04 5.075135822448271217e-01
5.837949154949579889e-01 7.101264024996448577e-05 7.101264024996448577e-05 7.101264024996448577e-05 7.101264024996448577e-05 7.101264024996448577e-05 7.101264024996448577e-05 5.041897457747477988e-03 1.356341428774321747e-02 2.279505752023859924e-02 7.101264024996448577e-05 3.743076267575627947e-01
6.080035374751272025e-04 8.793942073844793206e-02 1.713464514702631256e-03 1.973800574839708610e-01 5.527304886137520269e-05 1.664271501216007254e-01 1.382378952022993712e-01 7.246296705726287812e-02 5.527304886137520269e-05 1.321578598275481020e-01 6.080035374751272025e-04 2.023546318814946066e-01
2.014033264033264145e-03 6.496881496881497242e-05 1.949714137214137166e-01 6.496881496881497242e-05 2.663721413721413436e-03 6.496881496881497242e-05 6.496881496881497242e-05 6.496881496881497242e-05 6.438409563409562553e-02 8.517411642411641670e-02 6.496881496881497242e-05 6.504028066528066976e-01
2.583324891095126630e-03 6.032823422145677794e-02 1.063722013980346413e-03 3.905379394184985836e-02 5.115996352953094094e-03 2.826967885725863439e-01 5.065342923715935008e-05 4.102927768209907282e-03 5.065342923715935008e-05 5.222368554351128345e-02 4.969101408165332162e-02 5.030392057542295570e-01
7.969355406833392511e-03 4.402958788305742164e-05 4.402958788305742164e-05 4.843254667136316313e-04 4.402958788305742164e-05 4.174445227192674079e-01 4.935716801690736427e-02 4.451391334977104763e-02 4.402958788305742164e-05 1.810056357872490695e-01 4.402958788305742164e-05 2.990049313138429254e-01
5.885122410546140469e-05 1.495409604519774005e-01 6.473634651600754719e-04 5.885122410546140469e-05 5.885122410546140469e-05 2.266360640301318674e-01 1.401247645951035903e-01 5.832156308851224602e-02 5.885122410546140469e-05 1.301200564971751461e-01 5.885122410546140469e-05 2.943149717514124686e-01
5.213220727765614093e-05 5.374830570326347146e-02 2.800020852882911249e-01 4.222708789490146365e-03 5.213220727765614093e-05 1.204253988113856803e-02 3.289542279220102061e-02 1.099989573558544584e-02 5.213220727765614093e-05 7.147325617766656092e-02 5.213220727765614093e-05 5.344072568032529613e-01
5.763024435223606558e-05 5.763024435223606558e-05 1.907561088059013532e-02 4.092323651452282607e-01 5.763024435223606558e-05 3.515444905486399350e-03 1.205048409405256038e-01 5.768787459658829275e-02 5.763024435223606558e-05 2.467150760719225844e-01 5.763024435223606558e-05 1.429806362378976681e-01
1.038115897118066511e-02 5.118272905691560737e-02 2.634025410598078883e-03 1.601074269187067675e-03 5.681231277760562508e-04 4.136969321351099960e-02 5.681231277760562508e-04 1.967771924387976684e-02 5.164755707055057257e-05 2.071067038529077892e-02 2.841132114450987123e-01 5.671418241917157710e-01
3.436807095343680230e-02 5.279273571956498781e-05 5.807200929152148659e-04 5.279273571956498781e-05 1.315067046774363868e-01 1.373139056065885433e-01 4.804138950480413457e-03 2.856087002428465971e-02 5.279273571956498781e-05 6.762749445676274895e-02 1.108647450110864744e-03 5.939710695808255725e-01
4.679019277559425232e-05 2.203818079730489321e-02 4.679019277559425232e-05 9.315927381620814351e-02 4.679019277559425232e-05 4.028635597978664357e-02 4.852610892756878957e-01 4.679019277559425232e-05 4.679019277559425232e-05 9.643458731049973920e-02 4.679019277559425232e-05 2.625397716638593337e-01
4.387504387504387977e-05 4.387504387504387977e-05 4.387504387504387977e-05 1.320638820638820807e-02 1.798876798876798948e-03 2.273166023166023342e-01 1.128027378027378208e-01 5.795893295893295855e-02 4.387504387504387977e-05 1.882678132678133054e-01 4.387504387504387977e-05 3.984292734292734783e-01
7.001820473323064624e-05 1.470382299397843652e-03 7.001820473323064624e-05 1.470382299397843652e-03 7.001820473323064624e-05 6.134294916678337817e-01 7.702002520655372442e-04 1.310040610558745322e-01 1.470382299397843652e-03 8.059095364794847949e-02 7.001820473323064624e-05 1.695140736591513875e-01
4.576240161083654635e-05 5.033864177192019828e-04 4.576240161083654635e-05 5.491945817316492562e-01 4.576240161083654635e-05 4.576240161083654635e-05 1.176551345414607597e-01 4.576240161083654635e-05 4.576240161083654635e-05 1.117060223320519990e-01 4.576240161083654635e-05 2.206205381658429832e-01
5.905976848570754255e-05 5.905976848570754255e-05 5.905976848570754255e-05 1.240255138199858461e-03 5.905976848570754255e-05 5.905976848570754255e-05 5.905976848570754255e-05 5.905976848570754255e-05 3.101228443184503303e-01 2.958894401133948041e-02 5.905976848570754255e-05 6.585754783841247795e-01
5.243288590604027410e-05 4.147441275167785407e-02 5.243288590604027410e-05 5.243288590604027410e-05 2.674077181208053735e-03 3.413380872483221667e-02 5.243288590604027410e-05 2.364723154362416424e-02 5.243288590604027410e-05 8.761535234899330005e-02 1.673133389261745319e-01 6.428796140939597725e-01
6.438320885912953220e-05 2.930079835178984737e-01 6.438320885912953220e-05 6.251609580221477447e-02 6.438320885912953220e-05 1.906386814318825340e-01 3.805047643574555050e-02 6.766675251094513011e-02 6.438320885912953220e-05 5.994076744784958971e-02 1.358485706927633173e-02 2.743368529487509311e-01
4.404898246850498403e-05 3.255660294247203490e-01 4.404898246850498403e-05 6.210906528059201813e-03 4.448947229319002994e-03 1.057616069068804537e-01 4.404898246850498403e-05 5.202184829530438065e-02 4.404898246850498403e-05 5.290282794467447702e-02 1.413972337239009953e-02 4.387719143687781043e-01
1.722030885457171605e-03 5.554938340184424861e-05 5.554938340184424861e-05 5.554938340184424861e-05 5.554938340184424861e-05 2.277524719475614023e-03 5.554938340184424861e-05 5.554938340184424861e-05 5.554938340184424861e-05 1.116542606377069445e-02 1.628152427508055000e-01 8.216309298966781860e-01
7.655795437145922666e-05 8.421374980860514255e-04 7.655795437145922666e-05 7.655795437145922666e-05 7.655795437145922666e-05 8.138876129229828393e-01 3.904455672944420058e-03 2.687184198438218735e-02 7.655795437145922666e-05 7.127545551982852889e-02 7.655795437145922666e-05 8.275914867554741428e-02
6.122948812147931824e-05 6.122948812147931824e-05 6.122948812147931824e-05 6.122948812147931824e-05 6.122948812147931824e-05 5.394317903502326983e-02 5.431667891256429792e-01 6.735243693362725007e-04 6.122948812147931824e-05 1.415013470487386793e-01 2.510409012980651614e-03 2.578373744795494082e-01
4.962286621675268444e-05 1.538308852719333245e-03 4.962286621675268444e-05 4.962286621675268444e-05 4.962286621675268444e-05 2.089122667725288110e-02 4.962286621675268444e-05 1.538308852719333245e-03 4.962286621675268444e-05 5.761214767764986228e-02 3.543568876538309431e-01 5.637653830885271944e-01
6.834335702569711206e-05 6.902679059595407708e-03 6.834335702569711206e-05 4.852378348824494536e-03 6.834335702569711206e-05 9.636413340623291648e-03 2.324357572443958853e-01 1.524740295243302568e-01 6.834335702569711206e-05 3.438354291962821829e-01 2.603881902679059876e-02 2.235511208310552722e-01
1.373267067747841906e-03 6.539366989275437517e-05 6.539366989275437517e-05 2.753073502484959176e-02 6.539366989275437517e-05 4.231624378760135419e-01 3.537797541198011569e-02 4.126340570232801125e-02 6.539366989275437517e-05 8.507716453047342586e-02 6.539366989275437517e-05 3.858880460371435506e-01
1.802689543241363032e-02 6.376072339438905142e-04 2.376536053790864397e-03 1.796893113841873139e-03 2.040922791560398630e-01 9.911894273127752272e-03 1.918618131231161414e-02 2.376536053790864397e-03 1.802689543241363032e-02 1.548226292603755994e-01 5.796429399489913396e-05 5.686876883839554475e-01
6.183527083848628855e-05 1.298540687608211843e-03 6.183527083848628855e-05 6.183527083848628855e-05 6.183527083848628855e-05 1.366559485530546847e-02 6.183527083848628855e-05 1.298540687608211843e-03 2.344175117487015125e-01 9.281474152856790394e-02 6.183527083848628855e-05 6.561340588671779051e-01
1.303855990556757882e-01 2.464096006295494676e-02 4.475703324808183101e-03 4.918355301987015215e-05 2.597383434979342876e-01 4.918355301987015215e-05 2.119811135156403348e-02 1.185323627778870660e-02 4.918355301987015215e-05 9.103875663977964439e-02 9.394058626795199346e-03 4.471276805036395463e-01
2.944513201320132084e-02 5.156765676567656828e-05 1.603754125412541406e-02 2.629950495049504684e-03 5.156765676567656828e-05 1.191212871287128730e-02 1.082920792079208015e-03 5.156765676567656828e-05 2.424195544554455517e-01 3.718028052805279898e-02 3.145627062706270530e-03 6.559921617161715846e-01
5.934013766911939498e-05 3.328981723237597889e-02 5.934013766911939498e-05 6.527415143603133244e-04 5.934013766911939498e-05 1.205198196059814736e-01 5.934013766911939498e-05 5.934013766911939498e-05 5.934013766911939498e-05 9.381675765487774987e-02 1.751127462615713337e-01 5.762520769048183888e-01
2.586191496963202163e-01 5.328242229367632365e-01 4.912468738835299711e-04 4.465880671668454776e-05 5.184887459807074883e-02 9.378349410503754487e-04 2.460700250089318392e-02 2.148088603072526720e-02 4.912468738835299711e-04 3.666488031439800455e-02 7.190067881386211918e-03 6.479992854590926887e-02
5.290445455507354042e-05 5.290445455507354042e-05 6.036398264733890129e-02 5.290445455507354042e-05 5.290445455507354042e-05 2.180192572214580404e-01 5.290445455507354042e-05 6.401439001163898058e-03 5.290445455507354042e-05 1.074489472013543528e-01 4.285260818960956279e-03 6.031636863823933714e-01
5.573514658343550824e-05 3.511871586222271580e-01 5.573514658343550824e-05 5.573514658343550824e-05 6.743952736595696003e-03 5.573514658343550824e-05 5.071898339092630742e-03 5.913499052502507042e-02 6.130866124177906246e-04 7.362612863671830210e-02 5.573514658343550824e-05 5.033441087950060178e-01
5.140859551717047465e-05 1.593666461032284707e-03 1.393172938515319786e-02 4.164096236890808128e-03 5.140859551717047465e-05 1.598807320584001712e-02 5.140859551717047465e-05 5.192268147234216889e-03 2.648056755089451264e-01 1.265165535677565123e-01 8.276783878264446642e-03 5.593769278223318375e-01
4.514265077645360219e-05 1.850848681834597236e-03 4.514265077645360219e-05 5.421632358252076456e-02 2.753701697363669307e-03 4.040718671000361750e-01 8.852473817262550282e-02 5.195919104369808861e-02 4.514265077645360219e-05 1.165131816540267429e-01 4.514265077645360219e-05 2.799295774647887480e-01
2.311612668365489384e-02 6.067224851352990216e-05 6.067224851352990216e-05 6.067224851352990216e-05 4.307729644460622613e-03 6.067224851352990216e-05 2.433563887877684406e-01 6.067224851352990216e-05 6.067224851352990216e-05 1.887513651255915414e-01 2.432957165392549137e-02 5.157747846135176673e-01
6.156877231867996048e-05 6.156877231867996048e-05 6.156877231867996048e-05 6.156877231867996048e-05 2.524319665065878366e-03 6.156877231867996048e-05 6.156877231867996048e-05 6.156877231867996048e-05 4.211919714320896402e-01 8.681196896933874793e-03 6.772564955054796330e-04 5.664942741041744112e-01
5.196964972456086538e-05 2.130755638706995081e-03 7.384887225860098381e-02 7.644735474482902693e-02 5.716661469701695125e-04 1.045109655960918954e-01 1.658351522710737325e-01 8.216401621453071902e-02 5.196964972456086538e-05 1.772684752104771166e-01 5.196964972456086538e-05 3.170668329695458532e-01
1.550620248099239453e-03 1.806222488995598008e-01 5.002000800320127705e-05 2.205882352941176267e-02 3.051220488195277494e-03 2.021308523409363622e-01 2.656062424969987679e-02 2.355942376950780071e-02 5.002000800320127705e-05 3.606442577030811308e-02 5.502200880352140205e-04 5.037515006002399875e-01
1.951694139194139546e-02 5.723443223443224116e-05 1.694711538461538824e-01 6.295787545787547273e-04 5.723443223443224116e-05 5.723443223443224116e-05 3.491300366300366474e-03 1.035943223443223579e-02 5.723443223443224116e-05 5.385760073260073555e-02 2.237866300366300742e-02 7.200663919413919922e-01
5.232536508231792061e-01 1.906799367500697662e-03 3.302018416891452229e-03 1.441726351037112951e-03 4.650730164635848602e-05 4.650730164635848602e-05 9.813040647381639919e-03 4.650730164635848602e-05 6.557529532136546074e-03 3.446191051995163568e-02 4.650730164635848602e-05 4.190772951353363140e-01
4.123371268349002548e-05 3.591456374731980677e-02 4.123371268349002548e-05 2.927593600527791592e-03 1.146709549727857741e-01 1.295150915388421642e-01 4.123371268349002548e-05 2.354444994227280347e-02 4.123371268349002548e-05 1.719858156028369056e-01 1.282368464456539771e-02 5.084529111001154789e-01
4.814172925091469925e-05 8.525900250336992947e-02 4.814172925091469925e-05 4.814172925091469925e-05 2.147602541883304739e-01 4.674561910263817094e-02 9.195070286924707584e-03 3.899480069324090178e-03 4.862314654342384489e-03 7.370498748315039428e-02 6.787983824378972242e-03 5.546408626997881841e-01
1.862813370473537927e-02 3.795844939647168848e-01 3.081476323119777469e-02 1.218662952646239802e-03 1.688718662952646415e-02 8.710538532961932534e-02 5.803156917363046192e-05 1.218662952646239802e-03 4.822423398328690852e-02 3.023444753946146965e-02 7.602135561745590464e-03 3.784238625812442747e-01
5.813338970510517796e-04 1.009407039425008062e-02 5.813338970510517796e-04 5.284853609555016055e-05 5.284853609555016055e-05 1.268893351654159229e-01 5.284853609555016055e-05 6.479759010675404385e-01 5.284853609555016055e-05 1.109819258006553358e-03 2.695275340873058093e-03 2.098615368354296851e-01
1.708817498291182358e-04 1.708817498291182358e-04 1.708817498291182358e-04 1.708817498291182358e-04 5.914217361585782928e-01 1.932672590567327264e-01 1.708817498291182358e-04 1.708817498291182358e-04 1.708817498291182358e-04 1.095352016404647771e-01 1.708817498291182358e-04 1.044087491455912425e-01
1.906794526955911395e-01 9.414103613612442162e-03 5.847269325225118989e-05 2.093907145363115285e-01 5.847269325225118989e-05 5.905742018477370091e-03 1.227926558297275008e-03 1.643082680388258457e-02 5.847269325225118989e-05 9.770787042451173354e-02 7.075195883522393536e-03 4.619927493860366829e-01
5.639521768554027291e-05 5.639521768554027291e-05 5.639521768554027291e-05 5.639521768554027291e-05 5.639521768554027291e-05 8.464922174599594229e-02 1.189939093164899854e-02 1.528310399278141364e-02 6.203473945409430359e-04 1.545792916760659053e-01 3.113579968418678789e-01 4.213286713286714114e-01
4.791107704101189179e-05 4.791107704101189179e-05 4.791107704101189179e-05 1.485243388271368422e-03 5.270218474511307758e-04 3.454388654656957020e-02 4.791107704101189179e-05 1.729589881180529018e-02 4.791107704101189179e-05 7.670563434266002012e-02 3.426121119202760190e-01 5.265906477577615430e-01
2.393182348820919840e-03 6.368199859911277683e-02 1.225776325005837166e-03 4.266869017044128132e-02 5.837030119075415269e-05 2.154447816950735839e-01 7.646509455988793717e-03 6.776791968246556608e-02 1.289983656315666846e-02 3.280994629932291184e-01 5.837030119075415269e-05 2.580551015643240964e-01
5.389603860848581895e-01 5.027146591594611701e-05 5.027146591594611701e-05 5.027146591594611701e-05 5.027146591594611701e-05 2.061130102553790540e-03 5.027146591594611701e-05 2.563844761713251520e-03 5.027146591594611701e-05 5.233259601849989812e-02 5.027146591594611701e-05 4.037301427709632518e-01
3.395780683441380066e-01 5.493901769036369724e-05 2.038237556312493329e-02 5.493901769036369724e-05 5.493901769036369724e-05 6.647621140534006566e-03 5.493901769036369724e-05 4.450060432919459436e-03 3.900670256015822002e-03 2.752444786287221168e-02 5.493901769036369724e-05 5.972420613119436839e-01
5.962318149296447120e-05 6.206773193417600837e-02 5.962318149296447120e-05 1.252086811352253956e-03 5.962318149296447120e-05 4.656570474600525006e-02 7.214404960648700994e-03 5.092415931314095978e-01 5.962318149296447120e-05 6.981874552826139446e-02 3.881469115191986397e-02 2.647865490102552233e-01
5.148800329523220946e-05 5.148800329523220946e-05 2.013180928843579312e-02 1.596128102152198636e-03 5.148800329523220946e-05 1.653279785809906310e-01 5.148800329523220946e-05 2.625888168056842581e-03 2.939964988157759210e-02 1.050870147255689308e-01 5.148800329523220946e-05 6.755740912367417250e-01
1.725443986196448188e-03 5.980136352158909457e-02 1.629071626967427133e-01 6.354683949162528815e-03 4.208399966332801087e-05 4.208399966332801087e-05 2.781752377745980859e-02 4.208399966332801087e-05 4.208399966332801087e-05 1.258732429930140839e-01 4.208399966332801087e-05 6.153101590775187368e-01
5.098919029165817265e-05 1.279828676320620209e-02 3.115439526820314511e-02 2.397001835610850784e-01 5.098919029165817265e-05 8.520293697736081029e-02 9.693045074444218978e-02 9.285131552110953423e-02 5.608810932082398991e-04 9.438099122985928180e-02 2.600448704874566697e-03 3.437181317560677463e-01
4.807230074031344053e-05 4.807230074031344053e-05 4.807230074031344053e-05 2.451687337755985210e-03 4.807230074031344053e-05 3.586674358234785420e-01 8.129026055187001110e-02 2.119988462647822564e-02 5.287953081434478052e-04 1.591673877511778079e-01 4.807230074031344053e-05 3.764541870973945326e-01
6.469521044992743164e-01 5.183495749533486235e-05 5.183495749533486235e-05 5.183495749533486235e-05 5.183495749533486235e-05 6.790379431888866717e-03 5.183495749533486235e-05 5.183495749533486235e-05 5.183495749533486235e-05 3.581795562927638649e-02 5.183495749533486235e-05 3.100248807795977779e-01
1.523156474820143956e-02 5.620503597122302451e-05 5.620503597122302451e-05 2.029001798561150954e-02 1.270795863309352458e-01 4.108588129496402314e-02 3.990557553956834008e-03 5.620503597122302451e-05 3.490332733812949451e-02 1.827225719424460382e-01 6.238758992805754772e-03 5.682891187050359560e-01
5.218661935079846272e-05 5.740528128587831305e-04 2.020144035069408595e-01 5.218661935079846272e-05 1.095919006366767676e-03 2.092683435967018432e-02 4.962947500260933564e-02 3.919215113244964299e-02 5.218661935079846272e-05 1.153846153846153910e-01 5.218661935079846272e-05 5.709738023170859433e-01
6.340349987319299837e-05 6.340349987319299837e-05 6.340349987319299837e-05 6.340349987319299837e-05 6.340349987319299837e-05 6.974384986051228872e-04 6.340349987319299837e-05 6.283920872432157134e-01 6.340349987319299837e-05 8.939893482120210913e-03 6.340349987319299837e-05 3.614633527770732546e-01
5.645889792231256770e-05 5.352868112014453894e-01 1.185636856368563847e-03 1.185636856368563847e-03 5.645889792231256770e-05 2.602755194218609250e-02 5.645889792231256770e-05 2.885049683830171949e-02 5.645889792231256770e-05 5.651535682023486884e-02 5.645889792231256770e-05 3.506662149954833385e-01
2.401593252108715892e-03 5.857544517338331906e-05 1.230084348641049619e-03 5.857544517338331906e-05 5.857544517338331906e-05 6.501874414245547955e-03 5.857544517338331906e-05 3.573102155576381948e-03 3.977858481724461104e-01 5.511949390815369665e-02 5.857544517338331906e-05 5.330951265229615377e-01
1.353987624613269269e-01 3.355964248882777751e-02 9.023719491234101931e-04 4.297009281540049023e-05 1.027414919216225603e-01 4.297009281540049023e-05 9.496390512203507425e-03 4.297009281540049023e-05 4.297009281540049023e-05 8.469405293915435728e-02 4.297009281540049023e-05 6.329924372636644980e-01
3.847834723877631702e-01 6.621639517944642164e-05 6.621639517944642164e-05 6.621639517944642164e-05 1.595815123824658940e-02 6.621639517944642164e-05 2.714872202357302908e-03 6.621639517944642164e-05 7.283803469739106922e-04 6.628261157462586595e-02 3.377036154151767233e-03 5.258243941199840510e-01
6.179705846001730873e-05 6.179705846001730873e-05 1.150043257940922131e-01 2.533679396860709712e-03 6.179705846001730873e-05 1.619700902237053708e-01 6.179705846001730873e-05 6.179705846001730873e-05 6.179705846001730873e-05 5.567914967247559327e-02 6.179705846001730873e-05 6.643801755036460310e-01
1.845018450184501575e-03 8.785802143735721784e-05 8.785802143735721784e-05 8.785802143735721784e-05 8.785802143735721784e-05 4.622210507819363157e-01 8.785802143735721784e-05 7.301001581444382937e-02 8.785802143735721784e-05 1.512036548936917524e-01 8.785802143735721784e-05 3.111052539096819114e-01
6.001680470531747965e-05 6.001680470531747965e-05 6.001680470531747965e-05 6.601848517584923710e-04 2.323250510142839675e-01 7.328051854519264385e-02 2.226623454567278407e-02 1.188932901212339244e-01 6.001680470531747965e-05 1.591045492737966638e-01 6.001680470531747965e-05 3.931700876245348142e-01
2.014434496619769976e-02 2.786405993056824317e-03 4.567878677142335979e-05 4.567878677142335979e-05 7.267494975333455010e-02 1.466289055362689740e-02 4.613557463913758871e-03 3.699981728485291377e-03 1.416042389914123944e-03 5.394664717705097839e-02 1.557646628905536533e-02 8.103873561118216662e-01
7.762769756249030830e-05 7.762769756249030830e-05 7.762769756249030830e-05 1.948455208818506909e-02 8.616674429436423435e-03 4.432541530818196601e-02 5.286446204005589705e-02 1.002173575531749850e-01 2.406458624437199639e-03 6.179941002949853601e-01 3.959012575687005479e-03 1.498990839931687857e-01
5.554938340184424861e-05 5.554938340184424861e-05 5.554938340184424861e-05 6.110432174202867685e-04 1.228196867014776233e-01 9.171203199644484272e-02 5.554938340184424861e-05 6.165981557604710735e-03 1.060993222975225095e-02 1.155982668592378665e-01 5.554938340184424861e-05 6.522053105210532387e-01
7.433838834374071529e-05 7.433838834374071529e-05 7.433838834374071529e-05 2.014570324115373678e-02 7.433838834374071529e-05 1.844335414808207230e-01 3.115521855486173552e-01 5.805828129646149749e-02 8.177222717811479359e-04 2.126821290514422091e-01 2.304490038655962296e-03 2.097085935176925819e-01
1.487653782392461647e-02 3.782828723497077550e-01 1.788674635721141173e-03 2.360177994939359827e-02 2.229299363057325040e-02 1.352412529447692387e-03 5.715033592182183070e-03 1.788674635721141173e-03 4.362621062734491659e-05 6.591920425791815419e-02 1.313148939883081873e-02 4.712067009859523536e-01
5.327082889409758915e-05 5.327082889409758915e-05 1.502770083102492882e-01 5.327082889409758915e-05 5.859791178350734400e-04 2.333795013850415156e-01 5.327082889409758915e-05 2.242701896441508247e-02 5.327082889409758915e-05 7.729597272533558772e-02 5.327082889409758915e-05 5.157148945237587379e-01
5.736576411197796610e-05 5.736576411197796610e-05 5.736576411197796610e-05 5.736576411197796610e-05 5.736576411197796610e-05 3.671982560807709461e-01 1.210417622762735047e-02 4.881826525929324617e-02 3.447682423129875412e-02 9.700550711335473308e-02 5.736576411197796610e-05 4.400527765029829674e-01
7.517666516313338109e-05 1.360697639452714165e-02 5.337543226582469082e-03 7.592843181476470298e-03 7.517666516313338109e-05 7.517666516313338109e-05 7.517666516313338109e-05 3.615997594346715555e-02 7.517666516313338109e-05 8.577657495113517883e-02 6.962110960757781353e-01 1.549391069012178712e-01
1.501097147416716703e-02 4.987033712347896256e-05 4.987033712347896256e-05 4.987033712347896256e-05 4.987033712347896256e-05 4.987033712347896256e-05 1.545980450827847677e-03 6.533014163175743065e-03 3.087472571314582304e-01 1.386894075403949933e-01 4.987033712347896256e-05 5.291741472172352134e-01
5.636343140570398188e-05 6.199977454627437871e-04 1.708375605906887751e-01 3.161988501859993445e-02 1.183632059519783633e-03 2.260173599368729691e-02 2.880171344831473218e-02 5.692706571976101533e-03 5.636343140570398188e-05 9.587419682110245867e-02 5.636343140570398188e-05 6.425994814564309765e-01
7.609191903819816473e-05 8.370111094201798663e-04 7.609191903819816473e-05 7.609191903819816473e-05 7.609191903819816473e-05 3.880687870948106456e-03 1.597930299802161622e-03 9.177446355197079741e-01 7.609191903819816473e-05 1.072896058438594161e-02 1.597930299802161622e-03 6.323238472074267646e-02
1.280268798516973582e-02 3.191982389062680836e-02 5.793071486502142912e-05 6.372378635152356864e-04 5.793071486502142912e-05 3.771868844861545056e-01 5.271695052716949582e-03 3.655428107982851976e-02 5.793071486502142912e-05 1.037539103232533733e-01 1.917506662032209333e-02 4.125246205538175559e-01
5.251549207016069484e-05 8.980149143997478642e-03 3.135700031509294772e-01 1.580716311311836791e-02 4.778909778384622838e-03 5.251549207016069484e-05 9.142947169414976372e-02 5.776704127717676839e-04 5.251549207016069484e-05 3.943913454469067520e-02 7.404684381892657173e-03 5.178552673038545606e-01
5.257070760172431186e-05 3.817159078961202545e-01 5.257070760172431186e-05 9.515298075912101416e-03 5.257070760172431186e-05 2.108085374829144973e-02 5.257070760172431186e-05 3.206813163705182854e-03 5.257070760172431186e-05 5.314898538534327394e-02 2.002943959625696352e-02 5.110398485963620896e-01
1.885751080857326874e-03 4.599392880139822404e-05 2.534265476957042046e-02 1.288289945727164321e-01 1.108453684113697157e-02 4.599392880139822404e-05 1.522399043326281079e-02 7.405022537025114301e-03 4.599392880139822404e-05 1.118112409161990672e-01 1.384417256922086496e-02 6.844356544936068820e-01
5.837030119075415269e-05 4.091758113471865438e-02 5.837030119075415269e-05 2.393182348820919840e-03 9.870417931356526009e-02 2.457389680130749737e-02 7.243754377772589070e-02 1.056502451552650268e-02 5.837030119075415269e-05 1.290567359327574326e-01 5.837030119075415269e-05 6.211183749708149016e-01
1.040015847860538975e-03 4.952456418383519092e-05 4.952456418383519092e-05 4.952456418383519092e-05 4.952456418383519092e-05 3.020998415213946124e-03 1.040015847860538975e-03 1.441164817749603956e-02 9.459191759112521580e-03 4.412638668779714918e-02 3.303783676703645478e-01 5.963252773375594673e-01
5.885122410546140469e-05 4.078978342749529640e-01 8.298022598870056360e-03 2.771892655367232117e-02 5.885122410546140469e-05 1.207038606403013220e-01 3.360404896421845949e-02 5.885122410546140469e-05 5.885122410546140469e-05 8.657015065913371832e-02 5.885122410546140469e-05 3.149129001883239631e-01
3.060433884297520529e-02 4.304407713498623387e-05 4.304407713498623387e-05 4.304407713498623387e-05 4.304407713498623387e-05 4.308712121212121549e-02 5.733901515151514916e-01 1.166494490358126884e-02 4.304407713498623387e-05 9.086604683195592669e-02 4.304407713498623387e-05 2.501291322314049825e-01
5.778354668337660344e-02 4.475875033569063499e-05 4.475875033569063499e-05 3.177871273834034522e-03 2.318950854892131708e-01 9.399337570495032738e-04 7.255393429415450679e-02 5.415808790618566529e-03 4.923462536925969375e-04 8.777190940828932808e-02 4.475875033569063499e-05 5.398352877987646625e-01
5.190637976594942833e-04 4.718761796904492807e-05 4.718761796904492807e-05 5.190637976594942833e-04 4.718761796904492807e-05 6.653454133635334188e-03 5.898924122310306162e-01 1.325972064930162550e-02 4.718761796904492807e-05 1.392506606266515901e-01 3.822197055492638964e-03 2.458946772366931155e-01
6.257039169065199170e-05 2.434613940683268696e-01 1.445376048054060857e-02 6.257039169065199170e-05 6.882743085971718003e-04 8.822425228381929746e-03 6.257039169065199170e-05 6.257039169065199170e-05 6.257039169065199170e-05 1.320235264672756960e-02 6.257039169065199170e-05 7.189963709172818573e-01
2.559779276517474070e-02 5.109339873288371318e-05 5.109339873288371318e-05 5.109339873288371318e-05 1.548640915593705314e-01 1.231350909462497478e-02 5.109339873288371318e-05 1.026977314530962658e-02 1.691191498058450954e-02 8.128959738401797530e-02 5.109339873288371318e-05 6.984978540772531774e-01
5.318634561454405789e-04 4.835122328594914292e-05 1.503723044193018207e-02 1.116913257905425248e-02 4.835122328594914292e-05 5.613577023498694807e-02 7.784546949037811706e-03 4.835122328594914292e-05 1.112561647809689608e-01 1.160912871095638732e-01 4.835122328594914292e-05 6.818005995551688070e-01
4.901480247034604114e-05 9.851975296539553992e-03 4.901480247034604114e-05 6.911087148318791062e-03 6.420939123615331152e-03 3.343299676502303197e-01 4.901480247034604114e-05 1.519458876580727282e-03 4.901480247034604114e-05 1.250367611018527447e-01 1.524360356827761907e-02 5.004901480247033740e-01
1.711119230300815752e-02 2.015588844233345139e-02 6.089392278650590073e-05 6.089392278650590073e-05 1.887711606381682746e-03 1.937035683838752576e-01 1.278772378516623929e-03 1.163073925222262751e-02 6.089392278650590073e-05 6.826208744367311121e-02 7.800511508951404882e-02 6.077822433321153905e-01
5.703855806525210277e-05 2.914670317134382405e-02 5.703855806525210277e-05 3.479352041980378167e-03 5.703855806525210277e-05 6.394022359114760745e-02 7.648870636550306190e-02 2.481747661419119177e-01 5.703855806525210277e-05 1.466461327857631614e-01 2.401323294547113435e-02 4.078827287246177824e-01
4.977105315548476270e-05 7.371092972327293602e-02 2.841927135178180103e-02 1.588194306191518801e-01 4.977105315548476270e-05 4.977105315548476270e-05 1.299024487358152458e-02 1.732530360342424691e-01 1.045192116265180118e-03 9.909416683257016301e-02 4.031455305594265799e-03 4.484869599840732302e-01
2.672314611442317897e-02 5.229578495973224403e-05 5.229578495973224403e-05 5.229578495973224403e-05 5.229578495973224403e-05 5.752536345570547589e-04 2.855872816650977808e-01 1.098211484154377159e-03 2.463131471603388634e-02 4.084300805355087910e-02 2.144127183349021741e-03 6.181884740089947927e-01
5.994485073732167479e-05 6.899652319865723360e-02 5.994485073732167479e-05 3.422850977101067615e-02 5.994485073732167479e-05 4.621747991847500320e-02 2.403788514566599158e-02 1.624505454981417518e-02 1.858290372856971932e-03 9.777005155257163793e-02 8.997722095671982501e-02 6.204891499820165413e-01
6.253126563281640371e-05 1.381940970485242594e-02 6.253126563281640371e-05 6.253126563281640371e-05 6.253126563281640371e-05 1.819659829914957450e-02 6.253126563281640371e-05 9.010755377688843548e-02 6.253126563281640371e-05 2.007253626813406897e-02 3.433591795897948939e-01 5.140695347673837068e-01
4.942428850749511215e-03 5.431240495329134284e-05 5.431240495329134284e-05 5.431240495329134284e-05 1.683684553552031431e-03 5.431240495329134284e-05 1.683684553552031431e-03 2.226808603084944656e-03 3.155550727786226445e-02 4.404736041711927036e-02 3.123506408863784833e-01 6.012926352378883399e-01
4.372158097236796887e-05 4.372158097236796887e-05 4.372158097236796887e-05 2.470706540748513758e-01 4.372158097236796887e-05 4.157922350472192941e-02 4.372158097236796887e-05 3.196047569080098100e-02 2.229800629590765904e-03 9.360790486183981352e-02 3.541448058761804876e-03 5.797918852745714835e-01
7.684230622374953884e-03 2.629820542191676352e-02 1.002290950744559117e-03 7.116265750286368541e-02 3.388697976326842266e-03 1.871420389461626865e-01 4.634402443680794154e-02 8.261741122565864626e-02 1.002290950744559117e-03 2.172107674684994605e-01 4.729858724704085610e-02 3.088487972508591195e-01
5.327082889409760270e-05 5.327082889409760270e-05 5.859791178350736568e-04 5.859791178350736568e-04 8.576603451949714116e-03 1.230556147453654506e-02 2.668868527594289719e-02 9.109311740890689221e-03 2.668868527594289719e-02 1.279032601747283338e-01 5.327082889409760270e-05 7.873961218836564857e-01
5.720169317011784544e-05 5.720169317011784544e-05 7.384738588262212966e-02 3.489303283377188057e-03 5.720169317011784544e-05 1.035350646379133016e-02 5.720169317011784544e-05 3.952636998055142348e-02 8.065438736986615259e-03 1.447774854135682465e-01 6.921404873584258675e-03 7.127902985928383783e-01
5.515111405250387207e-05 5.515111405250387207e-05 5.515111405250387207e-05 5.515111405250387207e-05 5.515111405250387207e-05 6.315354070152217059e-01 5.515111405250387207e-05 1.235936465916611660e-01 5.515111405250387207e-05 1.428965365100375307e-01 6.121773659827928898e-03 9.546657842488419365e-02
4.578335317278638394e-05 4.578335317278638394e-05 9.614504166285140017e-04 9.202453987730061999e-03 2.614229466166102453e-02 5.081952202179287892e-03 9.573299148429631478e-02 1.039739950553978665e-01 4.578335317278638394e-05 5.247230107133046273e-01 4.578335317278638394e-05 2.339987180661111943e-01
5.304476978569913495e-05 3.766178654784638202e-03 1.113940165499681780e-03 5.304476978569913495e-05 5.304476978569913495e-05 5.304476978569913495e-05 1.644387863356673238e-03 1.384468491406747569e-02 2.313282410354339513e-01 8.651601952047528743e-02 1.649692340335243146e-02 6.450774453638871142e-01
7.037644132941442976e-01 5.652272213429799564e-05 5.652272213429799564e-05 5.652272213429799564e-05 5.652272213429799564e-05 5.652272213429799564e-05 5.652272213429799564e-05 6.217499434772779656e-04 5.652272213429799564e-05 9.665385484964957377e-03 5.652272213429799564e-05 2.854962695003391837e-01
6.706499207413731687e-04 6.096817461285210070e-05 6.096817461285210070e-05 6.096817461285210070e-05 6.096817461285210070e-05 2.499695159126935715e-03 6.096817461285210070e-05 6.096817461285210070e-05 2.994147055237166843e-01 6.712596024875015777e-02 6.096817461285210070e-05 6.298622119253749485e-01
1.011179500062806165e-02 1.062052505966586957e-01 6.280618012812459608e-05 6.280618012812459608e-05 6.343424192940583933e-03 3.172340158271573785e-01 1.639241301344052104e-02 2.016078382112799702e-02 6.280618012812459608e-05 9.301595276975252458e-02 1.946991583971862533e-03 4.284009546539379043e-01
7.103733512184216836e-02 2.856025039123630954e-02 5.589090096132350651e-05 5.589090096132350651e-05 1.705231388329980224e-01 1.179298010283925946e-02 5.589090096132350651e-05 3.968253968253968034e-03 5.589090096132350651e-05 9.562933154482450293e-02 5.589090096132350651e-05 6.182092555331991646e-01
1.642721318402704314e-02 3.877561800126769209e-01 5.282062117050495862e-05 1.061694485527149741e-02 9.560532431861397396e-03 2.165645467990702944e-03 8.504120008451299118e-03 5.282062117050495862e-05 2.646313120642298372e-02 2.963236847665328202e-02 5.282062117050495862e-05 5.087154024931332952e-01
3.977408320738207436e-05 3.977408320738207436e-05 4.100707978681091687e-02 5.210404900167051219e-03 3.977408320738207436e-05 3.977408320738207436e-05 1.161800970487630452e-01 8.117890382626680168e-02 3.977408320738207436e-05 6.217086946145891080e-01 3.977408320738207436e-05 1.344761753241587865e-01
5.410669840926305997e-05 5.410669840926305997e-05 5.951736825018937070e-04 1.682718320528081221e-02 5.410669840926305997e-05 2.987230819175413776e-01 5.464776539335568575e-03 1.071853695487501174e-01 5.410669840926305997e-05 4.983226923493127430e-02 5.410669840926305997e-05 5.211016123796124999e-01
7.534659433393609007e-05 7.534659433393609007e-05 7.534659433393609007e-05 2.335744424352019077e-03 7.534659433393609007e-05 2.946051838456901356e-02 7.534659433393609007e-05 5.727094635322482752e-01 7.534659433393609007e-05 1.070675105485231760e-01 7.534659433393609007e-05 2.878993369499698307e-01
1.755180613747027657e-03 5.661872947571057593e-05 5.661872947571057593e-05 5.661872947571057593e-05 5.661872947571057593e-05 1.704223757218888136e-02 5.661872947571057593e-05 5.661872947571057593e-05 3.567546144264523433e-01 3.572641829917336947e-02 5.661872947571057593e-05 5.883252179821084615e-01
