4.033233846898444738e-05 1.214003387916431920e-02 3.468984431717352379e-01 4.465193191901267733e-01 4.033233846898444738e-05 4.033233846898444738e-05 4.033233846898444738e-05 1.573364523675083171e-01 4.033233846898444738e-05 8.913446801645562648e-03 4.033233846898444738e-05 1.214003387916431920e-02 1.576994434137291706e-02 4.033233846898444738e-05
5.161556725508414554e-05 3.148549602560132485e-03 5.161556725508414554e-05 3.851037472901828185e-01 1.012181273872199971e-01 5.161556725508414554e-05 5.161556725508414554e-05 1.621244967482192989e-01 8.005574481263549869e-02 5.677712398059256687e-04 2.116238257458449845e-03 2.085785072777950333e-01 4.960256013213586168e-02 7.277794982966863911e-03
1.892089843750000434e-03 5.548706054687501110e-01 6.713867187500002168e-04 1.184692382812500278e-01 2.630615234375000694e-02 6.103515625000001355e-05 6.103515625000001355e-05 2.661743164062500555e-01 6.103515625000001355e-05 6.103515625000001355e-05 6.713867187500002168e-04 3.723144531250000434e-03 4.333496093750000867e-03 2.264404296875000694e-02
4.507753335737468646e-05 8.569239091236927064e-02 4.507753335737468646e-05 1.844121889650198465e-01 4.507753335737468646e-05 4.507753335737468646e-05 4.507753335737468646e-05 2.934547421565091713e-02 4.958528669311215850e-04 4.507753335737468646e-05 4.507753335737468646e-05 4.507753335737468646e-05 4.507753335737468646e-05 6.996483952398123707e-01
2.244323182538286027e-03 7.472716071114242631e-01 1.236578067241683385e-02 9.685794754444643218e-02 5.764830135539520013e-03 1.148565393416652557e-02 4.400633691251542212e-05 1.197412427389544648e-01 4.004576659038902586e-03 4.400633691251542212e-05 4.400633691251542212e-05 4.400633691251542212e-05 4.400633691251542212e-05 4.400633691251542212e-05
4.059430056020136576e-05 9.669968336445565749e-01 4.059430056020136576e-05 1.059511244621255503e-02 4.059430056020136576e-05 4.465373061622149894e-04 4.059430056020136576e-05 2.155557359746692464e-02 4.059430056020136576e-05 4.059430056020136576e-05 4.059430056020136576e-05 4.059430056020136576e-05 4.059430056020136576e-05 4.059430056020136576e-05
5.024115755627011623e-05 2.466840836012862415e-02 5.526527331189712853e-04 6.064610128617364815e-01 7.139268488745982577e-02 3.064710610932476487e-03 2.768287781350483104e-02 1.321844855305466804e-01 1.210811897106109716e-02 5.526527331189712853e-04 5.526527331189712853e-04 5.024115755627011623e-05 2.059887459807074189e-03 1.186193729903537303e-01
4.414231482298933850e-05 5.257349695418029462e-02 2.167387657808776333e-02 1.346782025249404768e-01 4.414231482298933850e-05 4.414231482298933850e-05 2.251258055972455742e-03 7.332479915246757907e-01 4.414231482298933850e-05 4.458373797121922139e-03 4.414231482298933850e-05 4.506930343427210939e-02 4.899796945351815591e-03 9.269886112827760340e-04
8.081461128171975707e-05 8.655244868272185532e-02 8.081461128171975707e-05 1.802973977695167818e-01 2.263617262000970631e-01 1.866817520607726502e-02 8.081461128171975707e-05 5.665104250848554401e-02 4.308226927428480679e-01 8.081461128171975707e-05 8.081461128171975707e-05 8.081461128171975707e-05 8.081461128171975707e-05 8.081461128171975707e-05
5.380972879896686741e-05 5.380972879896686741e-05 5.380972879896686741e-05 4.176173052087818194e-01 5.380972879896686741e-05 5.380972879896686741e-05 5.380972879896686741e-05 3.126345243219974535e-02 5.380972879896686741e-05 3.584266035299182862e-01 1.787021093413689588e-01 1.296814464055101417e-02 5.380972879896686741e-05 5.919070167886355009e-04
1.492826677006592155e-02 6.462453147214684672e-05 6.462453147214684672e-05 3.212485459480419747e-01 6.462453147214684672e-05 1.169704019645857913e-02 6.462453147214684672e-05 2.268321054672354370e-02 6.462453147214684672e-05 6.288613157554608923e-01 6.462453147214684672e-05 6.462453147214684672e-05 6.462453147214684672e-05 6.462453147214684672e-05
4.307745326096322123e-05 6.595158094253468495e-02 4.307745326096322123e-05 2.710002584647196455e-01 4.307745326096322123e-05 5.497113810631515385e-01 4.307745326096322123e-05 8.490566037735849947e-02 4.307745326096322123e-05 1.942793142069441231e-02 4.307745326096322123e-05 4.307745326096322123e-05 8.658568105453607819e-03 4.307745326096322123e-05
5.215395848544904348e-05 3.238760821946385510e-02 5.215395848544904348e-05 2.086679879002816262e-01 3.702931052466881985e-03 5.481381036820694164e-02 5.736935433399395663e-04 1.580786481693960688e-01 2.247835610722853997e-02 5.215395848544904348e-05 5.736935433399395663e-04 5.215395848544904348e-05 5.215395848544904348e-05 5.184625013038489660e-01
7.065140596297868586e-05 1.483679525222552417e-03 7.065140596297868586e-05 7.193019641090859784e-01 7.065140596297868586e-05 7.065140596297868586e-05 7.065140596297868586e-05 5.941783241486506967e-02 7.065140596297868586e-05 7.065140596297868586e-05 2.091988130563798842e-01 1.483679525222552417e-03 2.190193584852339302e-03 6.429277942631059749e-03
5.267593763168985980e-05 1.638221660345554401e-02 5.267593763168985980e-05 2.339338390223346664e-01 5.267593763168985980e-05 4.798777918246945745e-02 5.267593763168985980e-05 3.850611040876528168e-02 2.586388537715971978e-02 6.200484618626211919e-01 5.794353139485884782e-04 1.374841972187105209e-02 5.794353139485884782e-04 2.159713442899283825e-03
5.253756435851634918e-05 5.779132079436798478e-04 5.253756435851634918e-05 5.422402017442471411e-01 8.458547861721132238e-03 5.253756435851634918e-05 5.253756435851634918e-05 1.571398549963224089e-01 5.253756435851634918e-05 5.253756435851634918e-05 5.253756435851634918e-05 2.858568876746874765e-01 5.253756435851634918e-05 5.306294000210150935e-03
3.436003623657306327e-02 1.624174970881325786e-02 6.470816617057074331e-05 4.730814028730426779e-01 9.000905914326390311e-02 6.470816617057074331e-05 6.470816617057074331e-05 1.126569173029636634e-01 2.284845347482853117e-01 9.770933091756181521e-03 6.470816617057074331e-05 2.594797463439886889e-02 6.470816617057074331e-05 9.123851430050474928e-03
6.356911696717524197e-04 5.779010633379567144e-05 5.779010633379567144e-05 4.814493758668517143e-01 5.779010633379567144e-05 5.779010633379567144e-05 5.779010633379567144e-05 1.739482200647249691e-02 3.525196486361535653e-03 4.958969024503006029e-01 6.356911696717524197e-04 5.779010633379567144e-05 5.779010633379567144e-05 5.779010633379567144e-05
7.100255609201933831e-05 1.001136040897472601e-02 7.100255609201933831e-05 3.579238852598694565e-01 7.100255609201933831e-05 7.100255609201933831e-05 7.100255609201933831e-05 3.841238284578245982e-02 5.751207043453565766e-03 5.659613746094861453e-01 1.001136040897472601e-02 1.143141153081511305e-02 7.100255609201933831e-05 7.100255609201933831e-05
2.818613905161932581e-03 1.393279540179065135e-01 6.416491654692163538e-02 1.420913009837515562e-01 6.527025533325965523e-02 9.511440256438599694e-02 1.874101912236100786e-01 2.885486901735382359e-01 1.497734055488007462e-02 5.526693931690064430e-05 5.526693931690064430e-05 5.526693931690064430e-05 5.526693931690064430e-05 5.526693931690064430e-05
2.663375341041965012e-03 6.496037417175525377e-05 6.496037417175525377e-05 5.866571391451216311e-01 6.496037417175525377e-05 6.496037417175525377e-05 7.145641158893076966e-04 1.001039365986748225e-01 2.013771599324412718e-03 5.911394049629726914e-03 1.825386514226322310e-02 5.261790307912174620e-03 2.780953618292842378e-01 6.496037417175525377e-05
9.729538087520260559e-02 5.424432739059967951e-02 5.064829821717991388e-05 4.589242301458671958e-01 1.540214748784441146e-01 6.386750405186386592e-02 3.347852512155592014e-02 1.155287682333873828e-01 5.064829821717991388e-05 5.064829821717991388e-05 5.064829821717991388e-05 5.064829821717991388e-05 5.064829821717991388e-05 2.233589951377634025e-02
4.842828211675619500e-04 7.136567755569253602e-02 1.501276745619442056e-02 2.082856388130668868e-01 3.487276569516598590e-01 4.402571101523290270e-05 4.006339702386193732e-03 3.456458571805935409e-01 4.402571101523290270e-05 5.767368142995510545e-03 4.402571101523290270e-05 4.402571101523290270e-05 4.842828211675619500e-04 4.402571101523290270e-05
5.884429798752502367e-05 1.248087560315405686e-01 4.066140990937978927e-02 1.883605978580676077e-01 8.067553254089680770e-02 1.989525714958221003e-01 1.824173237613275740e-03 3.601859479816406640e-01 5.884429798752502367e-05 1.235730257738025572e-03 5.884429798752502367e-05 3.001059197363775861e-03 5.884429798752502367e-05 5.884429798752502367e-05
5.212677231025856031e-05 5.212677231025856031e-05 5.212677231025856031e-05 4.238427856547123396e-01 2.627710592160134029e-01 9.752919099249375556e-02 5.212677231025856031e-05 1.903148457047540154e-01 5.264804003336114036e-03 1.829649708090075322e-02 5.212677231025856031e-05 1.615929941618015437e-03 5.212677231025856031e-05 5.212677231025856031e-05
5.762360262763629656e-05 1.042987207560217011e-02 1.100610810187853221e-02 9.974645614843841157e-02 3.515039760285813657e-03 5.762360262763629656e-05 3.988129537858707829e-01 4.362682954938343904e-01 5.762360262763629656e-05 5.762360262763629656e-05 5.762360262763629656e-05 5.762360262763629656e-05 6.396219891667628485e-03 3.347931312665668874e-02
2.959615781863251804e-01 3.568477587275356577e-02 5.164222268126421371e-05 5.262858913447635567e-01 2.070853129518695004e-02 4.084899814087998571e-02 4.699442263995042696e-03 4.549679818219376504e-02 1.192935343937203373e-02 5.164222268126421371e-05 4.699442263995042696e-03 1.347862011980996075e-02 5.164222268126421371e-05 5.164222268126421371e-05
5.278716216216217187e-05 2.169552364864865343e-02 5.278716216216217187e-05 5.664590371621621712e-01 1.436338682432432845e-01 5.278716216216217187e-05 5.278716216216217187e-05 9.559755067567568543e-02 5.278716216216217187e-05 5.278716216216217187e-05 1.377744932432432845e-02 1.219383445945946241e-02 5.278716216216217187e-05 1.462732263513513986e-01
4.678581454103116860e-05 7.064657995695705801e-03 3.738654439973800869e-01 2.012257883409750703e-01 2.998970712080097425e-02 2.297183493964630521e-02 1.128005988584261376e-01 2.466080284457752847e-01 4.678581454103116860e-05 4.678581454103116860e-05 4.678581454103116860e-05 3.321792832413212639e-03 4.678581454103116860e-05 1.918218396182277703e-03
4.387119417390542329e-05 1.088444327454593519e-01 4.216021760112310945e-02 3.273229797315083678e-01 1.474510836184961260e-01 7.501974203737827619e-03 1.276651750460647793e-02 3.295165394402036485e-01 4.387119417390542329e-05 1.360007019391068061e-03 4.387119417390542329e-05 2.285689216460472586e-02 4.387119417390542329e-05 4.387119417390542329e-05
7.000840100812099427e-05 4.033183982077850338e-01 7.000840100812099427e-05 1.204844581349762273e-01 3.424110893307197867e-01 7.000840100812099427e-05 7.000840100812099427e-05 1.323858863063567814e-01 7.000840100812099427e-05 7.000840100812099427e-05 7.000840100812099427e-05 7.700924110893309776e-04 7.000840100812099427e-05 7.000840100812099427e-05
4.575821359934110013e-05 4.575821359934110013e-05 4.305847899697996806e-02 1.789603733870230584e-01 4.575821359934110013e-05 4.575821359934110013e-05 5.482291571337056801e-01 2.251761691223575501e-01 4.575821359934110013e-05 4.575821359934110013e-05 4.575821359934110013e-05 4.163997437540039800e-03 4.575821359934110013e-05 4.575821359934110013e-05
5.905279319711824031e-05 5.905279319711824031e-05 5.905279319711824031e-05 6.472776662336129361e-01 5.905279319711824031e-05 5.905279319711824031e-05 5.905279319711824031e-05 5.084445494271879612e-02 5.905279319711824031e-05 5.905279319711824031e-05 3.012282980985001579e-01 5.905279319711824031e-05 5.905279319711824031e-05 5.905279319711824031e-05
1.908881199538639828e-01 3.570305127398554212e-02 5.242738806752650268e-05 5.977246513578695630e-01 1.525636992765021238e-02 3.413022963195974646e-02 5.242738806752650268e-05 1.180140505400021494e-01 5.242738806752650268e-05 5.242738806752650268e-05 5.767012687427915769e-04 5.242738806752650268e-05 5.242738806752650268e-05 7.392261717521235800e-03
1.615810480236900062e-02 1.610016737479078586e-01 2.903308870863912164e-02 2.060641174198532821e-01 7.473928157589804222e-02 2.974765031543711302e-01 4.641431698210377738e-02 1.217329728337839811e-01 3.547058066177417868e-02 6.437491953135060290e-05 6.437491953135060290e-05 6.437491953135060290e-05 1.100811123986095326e-02 7.081241148448566862e-04
1.105532064834390676e-02 8.637244538407330696e-02 4.404510218463707699e-05 3.770701198026780165e-01 4.232734319943622786e-02 3.162878787878788400e-01 4.448555320648344552e-03 9.077695560253701279e-02 5.157681465821001288e-02 1.365398167723749475e-03 4.404510218463707699e-05 7.972163495419310603e-03 4.404510218463707699e-05 1.061486962649753514e-02
1.633525883137081358e-01 5.554321261941792831e-05 5.554321261941792831e-05 7.921017551655189504e-01 5.554321261941792831e-05 5.554321261941792831e-05 5.554321261941792831e-05 4.171295267718285599e-02 6.109753388135972249e-04 5.554321261941792831e-05 1.721839591201955628e-03 5.554321261941792831e-05 5.554321261941792831e-05 5.554321261941792831e-05
2.372933251684018058e-03 9.805572565829763498e-02 7.654623392529090334e-05 4.064605021432946691e-02 4.379210042865892549e-01 7.654623392529090334e-05 7.654623392529090334e-05 1.018830373545621809e-01 3.185088793631354331e-01 7.654623392529090334e-05 7.654623392529090334e-05 7.654623392529090334e-05 7.654623392529090334e-05 7.654623392529090334e-05
6.122199093914535806e-05 5.516101383616996146e-02 5.002448879637566570e-01 2.265825884657769740e-01 6.122199093914535806e-05 6.122199093914535806e-05 6.122199093914535806e-05 1.518917595200196258e-01 1.285661809722052438e-03 6.122199093914535806e-05 6.122199093914535806e-05 6.005877311130158880e-02 6.122199093914535806e-05 4.346761356679319961e-03
3.513446462240747969e-01 2.188151235486752999e-02 4.961794184777218024e-05 5.319539545499654132e-01 3.026694452714102663e-03 4.515232708147267487e-03 4.961794184777218024e-05 8.688101617544907729e-02 4.961794184777218024e-05 4.961794184777218024e-05 4.961794184777218024e-05 4.961794184777218024e-05 4.961794184777218024e-05 4.961794184777218024e-05
6.833401667350009145e-05 9.915265819324861618e-02 8.001913352466859253e-02 1.592865928659286945e-01 6.833401667350009145e-05 2.603526035260353422e-02 3.485034850348503986e-03 6.109744430777642732e-01 6.833401667350009145e-05 6.833401667350009145e-05 6.833401667350009145e-05 6.833401667350009145e-05 6.833401667350009145e-05 2.056853901872352647e-02
2.026938668758991157e-03 5.825814044723422180e-02 7.192363018177065116e-04 3.171832091016085764e-01 3.962992023015562970e-01 6.538511834706422956e-05 2.425787890676082623e-02 1.942591866091278319e-01 6.603896953053486549e-03 6.538511834706422956e-05 6.538511834706422956e-05 6.538511834706422956e-05 6.538511834706422956e-05 6.538511834706422956e-05
5.795757505505971026e-05 6.375333256056568264e-04 5.795757505505971026e-05 4.967543757969167806e-01 1.164947258606700148e-02 5.795757505505971026e-05 2.376260577257447836e-03 1.918975310073026963e-01 2.110235307754724232e-01 3.309377535643909241e-02 3.019589660368610790e-02 1.802480584212357018e-02 3.535412078358641987e-03 6.375333256056568264e-04
6.801038704092991511e-04 6.182762458266355919e-05 6.182762458266355919e-05 6.375046370718439048e-01 2.337702485470509184e-01 6.182762458266355919e-05 6.182762458266355919e-05 1.107332756275504204e-01 6.182762458266355919e-05 6.182762458266355919e-05 6.182762458266355919e-05 2.534932607889205710e-03 1.428218127859528196e-02 6.182762458266355919e-05
3.491688797088620538e-03 4.917871545195240472e-05 1.332743188747910132e-02 3.669223959870168694e-01 1.234385757844005428e-02 6.496508311202912889e-02 4.917871545195240472e-05 1.111930756368643830e-01 8.901347496803385315e-03 3.403658896429626046e-01 1.332743188747910132e-02 7.425986033244813024e-03 4.917871545195240472e-05 5.758827579423626136e-02
5.156233886769106092e-05 5.156233886769106092e-05 5.156233886769106092e-05 6.430339280189751872e-01 5.156233886769106092e-05 5.156233886769106092e-05 5.156233886769106092e-05 7.533257708569664202e-02 5.156233886769106092e-05 9.848406723728993922e-03 2.506445292358462362e-01 5.156233886769106092e-05 1.758275755388265249e-02 3.145302670929154675e-03
1.709386495787350579e-01 3.209920493651359508e-02 5.933309600094934628e-05 5.494838020647918597e-01 9.973893437759584479e-02 1.489260709623828512e-02 5.933309600094934628e-05 7.481903405719711464e-02 1.429927613622879179e-02 8.959297496143350109e-03 5.933309600094934628e-05 3.447252877655156839e-02 5.933309600094934628e-05 5.933309600094934628e-05
8.082522104135039104e-03 1.076181119942842303e-02 3.398231669197107618e-02 5.720282218451372414e-02 3.617040278646066909e-03 5.292042511386980674e-01 4.465481825488972438e-05 3.353576850942217857e-02 3.755470215236225012e-02 2.514512815932840040e-01 1.384299365901581246e-03 3.085647941412879292e-02 4.912030008037868937e-04 1.830847548450478422e-03
6.929750317393145766e-03 2.332839610664410104e-02 5.289885738468050601e-05 5.300994498518832865e-01 2.370397799407533423e-01 5.818874312314855322e-04 1.750952179432924832e-02 1.465827338129496726e-01 5.289885738468050601e-05 5.289885738468050601e-05 5.289885738468050601e-05 2.697841726618705176e-03 3.390816758358020100e-02 1.110876005078290660e-03
1.064422648238965916e-02 4.965448060633081279e-02 5.572893446277308362e-05 4.085488185465894762e-01 5.572893446277308362e-05 3.856999554168525357e-01 6.130182790905039673e-04 1.092844404814980186e-01 1.231609451627285225e-02 6.130182790905039673e-04 5.572893446277308362e-05 2.234730271957200559e-02 5.572893446277308362e-05 5.572893446277308362e-05
5.140331037318805643e-05 5.654364141050687020e-04 5.140331037318805643e-05 5.798807443199344158e-01 2.523902539323533492e-02 5.140331037318805643e-05 5.140331037318805643e-05 8.949316335972040681e-02 5.140331037318805643e-05 5.654364141050687020e-04 5.140331037318805643e-05 2.750591138069292674e-01 1.290223090367020181e-02 1.598642952606148596e-02
6.364539135144895929e-03 4.653787126478289154e-02 3.119075561975264213e-02 1.973007131894917721e-01 3.552857271824502172e-01 4.513857542655954459e-05 2.983659835695585613e-02 2.717793626433150367e-01 4.518371400198610555e-02 4.513857542655954459e-05 9.479100839577505244e-04 6.815924889410491551e-03 8.621467906472873172e-03 4.513857542655954459e-05
6.673137587964088433e-04 6.066488716330989053e-05 6.066488716330989053e-05 5.102523659305995274e-01 6.066488716330989053e-05 6.673137587964088433e-04 6.066488716330989053e-05 1.092574617811211124e-01 6.066488716330989053e-05 9.160397961659792407e-03 1.273962630429507654e-03 3.482771172045621144e-01 6.066488716330989053e-05 2.008007765105557577e-02
6.771731100714110680e-04 6.156119182467372853e-05 6.156119182467372853e-05 5.701181974883033909e-01 6.156119182467372853e-05 6.156119182467372853e-05 6.156119182467372853e-05 1.175818763851268350e-02 6.156119182467372853e-05 8.680128047278995451e-03 4.057498153164245669e-01 6.156119182467372853e-05 1.292785028318148462e-03 1.292785028318148462e-03
5.196424859696529837e-05 7.540012471419664519e-02 7.747869465807526168e-02 2.661089170650592917e-01 6.136977759301601165e-02 1.564123882768655646e-02 9.462689669507380608e-02 3.258678029515694186e-01 1.356266888380794344e-02 5.196424859696529837e-05 5.196424859696529837e-05 5.196424859696529837e-05 5.409478278944087476e-02 1.564123882768655646e-02
5.001500450135041822e-05 5.156546964089227247e-02 5.001500450135041822e-05 4.756927078123437957e-01 1.080824247274182470e-01 6.957087126137842525e-02 7.552265679703912792e-03 9.707912373712114518e-02 1.851055316594978906e-01 5.001500450135041822e-05 5.001500450135041822e-05 1.050315094528358681e-03 5.001500450135041822e-05 4.051215364609382988e-03
3.490900766853611767e-03 1.665331349433444436e-02 5.722788142382970243e-05 6.701957193544695324e-01 5.722788142382970243e-05 5.722788142382970243e-05 1.201785509900423887e-03 6.529701270458967977e-02 6.295066956621268080e-04 5.722788142382970243e-05 6.352294838045096509e-03 5.722788142382970243e-05 8.532677120293008510e-02 1.505665560260959490e-01
4.650297619047620145e-05 4.650297619047620145e-05 4.650297619047620145e-05 3.888113839285715079e-01 4.650297619047620145e-05 4.650297619047620145e-05 4.650297619047620145e-05 6.561569940476191798e-02 2.371651785714285962e-03 5.371558779761905766e-01 4.650297619047620145e-05 5.161830357142857886e-03 5.115327380952382295e-04 4.650297619047620145e-05
8.658365630411480295e-04 4.910530221819081609e-02 4.123031252576895282e-05 4.465655149666034607e-01 1.097138616310711912e-01 2.230559907644100170e-02 4.123031252576895282e-05 1.913498804320937219e-01 2.890244908056403134e-02 4.123031252576895282e-05 4.123031252576895282e-05 8.699595942937250054e-03 1.262059866413787756e-01 1.612105219757566099e-02
5.295080388947724257e-04 1.689612015018773783e-02 4.813709444497931328e-05 4.308751323770098063e-01 2.122845865023587769e-02 3.620390873206894011e-01 4.813709444497931328e-05 1.497545008183306381e-01 9.194185038991048789e-03 4.813709444497931328e-05 4.813709444497931328e-05 4.813709444497931328e-05 1.492249927794358664e-03 7.750072205641669702e-03
9.341998375304633520e-03 5.802483462922132529e-05 5.802483462922132529e-05 3.476267842636649452e-01 6.388534292677267024e-02 3.331205756063596035e-01 7.021004990135779750e-03 4.879888592317512680e-02 1.184286874782407156e-01 2.384820703260996308e-02 4.589764419171406262e-02 5.802483462922132529e-05 1.218521527213647709e-03 6.382731809214345917e-04
5.284295075036991862e-05 8.022088353413656669e-01 5.812724582540691048e-04 1.390298034242232750e-01 5.284295075036991862e-05 5.337138025787361781e-03 5.284295075036991862e-05 5.131050517860918925e-02 5.284295075036991862e-05 5.284295075036991862e-05 5.284295075036991862e-05 5.284295075036991862e-05 1.109701965757768291e-03 5.284295075036991862e-05
1.708233686368294910e-04 3.587290741373419609e-03 1.708233686368294910e-04 6.508370345063203832e-02 2.000341646737273382e-01 1.708233686368294910e-04 1.708233686368294910e-04 1.043730782371028176e-01 1.708233686368294910e-04 1.708233686368294910e-04 1.708233686368294910e-04 6.219678852066962138e-01 1.708233686368294910e-04 3.587290741373419609e-03
5.846585594013097779e-05 2.870673526660430866e-02 1.227782974742750452e-03 4.321211412535080343e-01 5.846585594013097779e-05 3.279934518241348074e-02 1.953344246959776154e-01 7.957202993451825690e-02 5.846585594013097779e-05 1.620088868101029478e-01 6.431244153414408370e-04 4.916978484565014823e-02 5.846585594013097779e-05 1.818288119738073472e-02
5.695274613736326687e-03 9.642494643058534959e-03 7.386940340588701165e-03 4.257922634487426028e-01 8.689522950265028689e-02 1.184166008796662135e-03 5.638885756174581368e-05 1.506146385474230742e-01 5.638885756174581368e-05 5.638885756174581368e-05 5.638885756174581368e-05 1.753693470170294630e-02 5.638885756174581368e-05 2.949701139054923260e-01
3.583884257928524053e-01 1.202452812110760098e-02 4.790648653827729613e-05 4.810290313308422938e-01 1.485101082686596024e-03 4.790648653827729613e-05 4.790648653827729613e-05 1.432883012359873753e-01 4.790648653827729613e-05 4.790648653827729613e-05 4.790648653827729613e-05 3.401360544217687382e-03 4.790648653827729613e-05 4.790648653827729613e-05
5.836348780203106485e-05 5.608731177775184984e-02 5.836348780203106485e-05 2.095832846970935581e-01 1.412980039687171951e-01 1.348196568226917545e-02 4.727442511964516023e-03 3.910937317614101572e-01 1.004435625072954558e-01 1.225633243842652294e-03 1.698377495039104026e-02 5.836348780203106485e-05 6.425820007003620049e-02 6.419983658223417811e-04
5.529305318186389113e-04 2.563587011159143905e-03 5.026641198351262891e-05 3.996682416809089200e-01 5.026641198351262891e-05 5.026641198351262891e-05 5.026641198351262891e-05 5.835930431285815678e-02 5.026641198351262891e-05 5.288529204785362703e-01 5.026641198351262891e-05 9.600884688850912577e-03 5.026641198351262891e-05 5.026641198351262891e-05
5.493298176225007082e-05 5.548231157987256780e-03 5.493298176225007082e-05 5.861898483849704578e-01 5.493298176225007082e-05 2.252252252252252666e-03 5.493298176225007082e-05 5.169193583827731003e-02 5.493298176225007082e-05 1.049769281476598676e-01 2.247308283893650338e-01 4.449571522742255120e-03 2.252252252252252666e-03 1.763348714568227157e-02
6.557767974245857319e-04 2.330988434481936350e-02 6.557767974245857319e-04 2.379277453201383008e-01 2.092524144509359807e-02 5.192559914152854866e-02 3.040419697150351271e-03 1.163109574341242292e-01 9.002026946464765714e-03 5.961607249314415067e-05 5.961607249314415067e-05 5.961607249314415067e-05 5.961607249314415067e-05 5.360081077858590559e-01
5.148270181219112481e-05 7.259060955518947290e-03 1.081136738056013560e-03 6.157845963756178875e-01 9.477965403624384610e-02 1.081136738056013560e-03 1.910008237232290601e-02 1.498661449752883568e-01 5.148270181219112481e-05 5.148270181219112481e-05 5.148270181219112481e-05 5.148270181219112481e-05 1.107392915980230930e-01 5.148270181219112481e-05
2.613617236155530432e-01 4.208045783538126410e-05 8.037367446557822093e-03 5.264686079784549610e-01 4.208045783538126410e-05 1.729506817034169933e-02 7.616562868204009018e-03 1.490069011950850564e-01 4.208045783538126410e-05 4.208045783538126410e-05 4.208045783538126410e-05 2.907759636424845154e-02 4.208045783538126410e-05 8.836896145430065460e-04
5.098399102681759214e-05 7.193841133883961680e-02 3.421025797899460152e-02 2.911695727541552814e-01 6.123177322320792065e-02 1.687570102987662191e-02 2.396757418170694931e-01 2.401855817273376714e-01 8.718262465585808682e-03 5.608239012949935067e-04 5.098399102681759214e-05 6.678902824513104075e-03 2.090343632099520878e-03 2.656265932497196489e-02
4.806767929244377285e-05 6.974620265333590641e-02 1.350701788117670069e-02 3.201788117669679412e-01 3.019130936358393469e-01 4.806767929244377285e-05 1.206498750240338723e-02 2.730724860603730431e-01 1.970774850990194334e-03 4.806767929244377285e-05 4.806767929244377285e-05 7.258219573159008751e-03 4.806767929244377285e-05 4.806767929244377285e-05
5.182958432673371538e-05 2.125012957396082026e-03 5.182958432673371538e-05 3.011817145226495795e-01 5.701254275940708218e-04 7.826267233336790460e-03 5.182958432673371538e-05 3.322276355343630611e-02 4.716492173732766968e-03 6.095677412667150907e-01 5.182958432673371538e-05 4.047890535917902238e-02 5.182958432673371538e-05 5.182958432673371538e-05
5.619871866921435542e-05 5.619871866921435542e-05 5.619871866921435542e-05 5.339440260762056134e-01 1.972575025289424050e-02 5.619871866921435542e-05 1.522985275935709142e-02 1.551646622457008295e-01 6.800044958974936667e-03 1.747780150612566336e-02 3.990109025514218706e-03 2.927953242666067948e-02 2.124873552882994843e-01 5.676070585590649829e-03
5.218117303276978761e-05 1.205385097056982206e-02 2.092465038614068490e-02 4.728136088499270695e-01 1.743372991024838559e-01 1.779378000417449965e-02 5.218117303276978761e-05 2.098204967647673280e-01 5.218117303276978761e-05 5.739929033604676501e-04 5.218117303276978761e-05 6.313921936965143610e-03 5.218117303276978761e-05 8.510749321644751897e-02
6.339546088500066753e-05 6.682515531887919247e-01 6.339546088500066753e-05 2.593508304805376974e-01 6.339546088500066753e-05 6.339546088500066753e-05 6.339546088500066753e-05 5.585140103968557618e-02 9.572714593635098940e-03 6.973500697350072750e-04 6.339546088500066753e-05 6.339546088500066753e-05 1.331304678585013869e-03 4.501077722835046188e-03
5.645252342779724761e-05 3.787964322005194645e-02 5.645252342779724761e-05 2.591735350570171237e-01 2.879078694817658896e-03 5.849045952354071654e-01 5.645252342779724761e-05 1.005419442249068790e-01 5.645252342779724761e-05 5.645252342779724761e-05 1.750028226261714486e-03 6.266230100485493427e-03 6.266230100485493427e-03 5.645252342779724761e-05
5.856858381164345038e-05 6.442544219280780084e-04 5.856858381164345038e-05 5.453320838702121476e-01 5.856858381164345038e-05 5.856858381164345038e-05 5.856858381164345038e-05 7.209792667213307804e-02 1.060091366990746457e-02 5.856858381164345038e-05 3.637694740541174698e-01 5.856858381164345038e-05 7.086798641208856900e-03 5.856858381164345038e-05
9.022944057746845690e-04 1.808885451576867573e-02 2.152616653776747574e-02 5.255220417633411634e-01 4.296640027498497980e-05 8.855375096674403257e-02 9.495574460771680908e-03 9.800635902724072479e-02 4.296640027498497980e-05 1.890951276102088852e-01 4.296640027498497980e-05 1.121423047177107918e-02 2.539314256251612098e-02 1.207355847727077831e-02
6.620762711864408112e-05 7.282838983050849736e-04 6.620762711864408112e-05 4.886784957627119952e-01 6.620762711864408112e-05 6.620762711864408112e-05 1.390360169491525839e-03 8.481197033898306425e-02 6.620762711864408112e-05 4.065810381355933201e-01 6.620762711864408112e-05 9.335275423728814706e-03 8.011122881355933409e-03 6.620762711864408112e-05
6.796836381611470182e-04 3.157439446366782504e-02 6.178942165101336775e-05 5.969476025704401057e-01 1.063395946613939907e-01 6.178942165101336775e-05 6.178942165101336775e-05 1.001606524962926487e-01 1.983440434997528826e-02 6.178942165101336775e-05 6.178942165101336775e-05 6.178942165101336775e-05 1.440311418685121525e-01 6.178942165101336775e-05
8.784258608573439122e-05 6.157765284609980488e-02 8.784258608573439122e-05 2.671293042867183276e-01 1.415144061841180911e-01 8.784258608573439122e-05 8.784258608573439122e-05 2.056394940267042004e-01 3.013879128601547053e-01 8.784258608573439122e-05 8.784258608573439122e-05 2.204848910751933469e-02 8.784258608573439122e-05 8.784258608573439122e-05
6.000960153624581677e-05 3.487157945271244230e-01 6.000960153624581677e-05 3.019083053288527108e-01 4.086653864618339238e-02 6.601056168987040184e-04 6.000960153624581677e-05 2.569011041766683379e-01 6.661065770523284801e-03 1.686269803168507359e-02 6.000960153624581677e-05 9.661545847335577253e-03 1.386221795487278287e-02 3.660585693710994518e-03
3.932584269662922627e-02 4.567461404951130146e-05 8.267105142961545666e-03 7.728601443317806297e-01 1.009408970494199767e-02 4.567461404951130146e-05 4.567461404951130146e-05 7.723577235772360883e-02 1.877226637434914469e-02 2.882068146524163071e-02 1.192107426692244967e-02 1.648853567187357969e-02 1.603178953137846668e-02 4.567461404951130146e-05
7.761564731449862849e-05 5.673703818689849326e-02 1.560074511021422410e-02 9.088792300527788470e-02 7.761564731449862849e-05 7.761564731449862849e-05 2.724309220738901915e-02 6.955138155852221837e-01 7.761564731449862849e-05 2.406085066749457605e-03 1.629928593604471239e-03 5.906550760633345193e-02 3.655696988512885381e-02 1.404843216392425223e-02
5.554321261941793508e-05 1.449677849366808047e-02 5.554321261941793508e-05 6.221395245501002425e-01 5.282159520106644718e-02 5.554321261941793508e-05 5.554321261941793508e-05 1.300266607420573761e-01 1.527993779160187471e-01 5.554321261941793508e-05 6.165296600755390544e-03 2.060653188180405423e-02 6.109753388135973334e-04 5.554321261941793508e-05
7.432733759476737592e-05 9.149695257915863023e-02 1.509588226549725409e-01 1.294038947524900063e-01 9.669986621079235123e-02 7.432733759476737592e-05 7.291511818046679527e-02 4.490114464099897451e-01 8.993607848966852364e-03 7.432733759476737592e-05 7.432733759476737592e-05 7.432733759476737592e-05 7.432733759476737592e-05 7.432733759476737592e-05
8.768103297853779149e-03 7.459431163845752812e-03 4.405862851160356579e-03 4.013697435002618330e-01 4.362240446693422570e-05 4.044233118129472171e-01 4.362240446693422570e-05 1.099720816611411828e-01 2.010992845925667696e-02 1.269411969987786076e-02 4.362240446693422570e-05 1.182167161053917538e-02 4.362240446693422570e-05 1.880125632524864976e-02
5.326515393629488958e-05 4.852455523596464065e-02 5.326515393629488958e-05 4.416213912858208968e-01 3.702460850111857771e-01 5.859166932992437718e-04 5.326515393629488958e-05 1.385426653883030101e-01 5.326515393629488958e-05 5.326515393629488958e-05 5.326515393629488958e-05 5.326515393629488958e-05 5.326515393629488958e-05 5.326515393629488958e-05
5.735918320523117521e-05 6.257886887690720934e-02 5.735918320523117521e-05 4.015716416198234495e-01 3.241367442927613474e-01 5.735918320523117521e-05 4.072502007571412661e-03 2.031088677297235856e-01 5.735918320523117521e-05 5.735918320523117521e-05 5.735918320523117521e-05 4.072502007571412661e-03 5.735918320523117521e-05 5.735918320523117521e-05
7.516536380036079740e-05 1.811485267588695131e-02 6.088394467829223722e-03 1.353728202044497675e-01 7.516536380036079740e-05 2.563138905592303105e-02 9.846662657847263592e-03 8.350871918220083290e-02 9.846662657847263592e-03 7.516536380036079740e-05 8.268190018039687714e-04 2.330126277811184719e-03 5.336740829825615748e-03 7.028713168971737479e-01
4.986536351850006234e-05 2.543133539443502827e-03 4.986536351850006234e-05 5.081779196170340684e-01 4.986536351850006234e-05 4.986536351850006234e-05 4.986536351850006234e-05 1.621122967986436958e-01 4.986536351850006234e-05 1.102024533758851413e-02 3.132043482596988948e-01 2.044479904258502366e-03 4.986536351850006234e-05 5.485189987035006586e-04
5.635707844905321867e-05 1.183498647430117606e-03 3.048917944093778795e-02 5.653178539224528176e-01 5.635707844905321867e-05 5.635707844905321867e-05 3.161632100991885325e-02 1.629283137962128369e-01 6.199278629395853918e-04 5.635707844905321867e-05 5.635707844905321867e-05 5.635707844905321867e-05 2.006875563570784948e-01 6.819206492335438442e-03
2.358490566037737060e-03 1.529214850882532756e-02 7.608034083992700500e-05 4.039866098600123495e-02 7.608034083992700500e-05 7.608034083992700500e-05 1.597687157638466929e-03 4.648508825319539600e-02 8.932592818015827607e-01 7.608034083992700500e-05 7.608034083992700500e-05 7.608034083992700500e-05 7.608034083992700500e-05 7.608034083992700500e-05
2.901992585727526316e-02 1.141682113067655491e-01 5.850324374420761385e-03 3.742469879518073306e-01 3.058966635773865406e-01 2.148980537534754889e-02 5.792400370713625174e-05 8.636468952734013826e-02 1.975208526413346072e-02 1.106348470806302504e-02 5.792400370713625174e-05 3.191612604263207448e-02 5.792400370713625174e-05 5.792400370713625174e-05
3.576454526360008934e-01 5.250997689561017639e-05 9.036967023734511495e-02 4.778932997269482175e-01 5.250997689561017639e-05 1.107960512497374768e-02 2.678008821676118589e-03 4.416089056920815409e-02 5.250997689561017639e-05 5.250997689561017639e-05 5.250997689561017639e-05 1.580550304557866437e-02 5.250997689561017639e-05 5.250997689561017639e-05
2.580950378469302336e-02 3.732127838519764922e-03 1.103868797308662922e-03 4.678826745164004208e-01 2.155172413793103852e-03 4.226766190075694762e-01 5.256518082422204649e-05 5.156644238856182560e-02 5.256518082422204649e-05 5.256518082422204649e-05 5.782169890664425656e-04 2.055298570227082067e-02 3.732127838519764922e-03 5.256518082422204649e-05
3.265268579838116747e-03 2.345474613686534485e-03 1.016372332597498436e-02 6.158480500367917720e-01 4.598969830757911579e-05 4.598969830757911579e-05 4.598969830757911579e-05 1.426140544518028352e-01 2.120125091979397150e-02 6.944444444444445794e-03 4.598969830757911579e-05 3.637785136129507296e-02 1.407744665194996525e-01 2.028145695364238707e-02
3.449282129100035565e-02 3.390918641298004688e-02 3.274191665693942932e-02 5.422551651686705609e-01 4.143807633944205510e-03 4.616551885140656591e-02 5.836348780203106485e-05 1.763160966499358606e-01 5.894712268005137049e-03 5.836348780203106485e-05 1.809268121862963024e-03 1.114742617018793340e-02 1.109489903116610415e-01 5.836348780203106485e-05
3.144993562444291513e-01 1.886699019510746506e-02 4.951965930474400341e-05 5.715063880360504722e-01 4.951965930474400341e-05 4.951965930474400341e-05 4.951965930474400341e-05 7.977617113994259213e-02 4.951965930474400341e-05 4.951965930474400341e-05 5.001485589779143884e-03 4.951965930474400341e-05 6.487075368921464691e-03 3.515895810636823944e-03
2.412616217488525693e-03 5.884429798752502367e-05 1.065081793574202892e-02 2.931034482758621551e-01 6.184535718488879535e-02 3.242909262092504297e-01 2.889255031187478590e-02 1.330469577497940814e-01 1.295162998705425561e-01 5.884429798752502367e-05 5.884429798752502367e-05 1.594680475461928218e-02 5.884429798752502367e-05 5.884429798752502367e-05
4.304037186881296576e-05 4.437462339674615869e-02 5.414909184815358545e-01 2.234225703710081001e-01 1.510717052595334994e-02 4.304037186881296576e-05 4.304037186881296576e-05 1.493931307566498112e-01 4.304037186881296576e-05 2.285443746233968218e-02 4.304037186881296576e-05 3.055866402685720237e-03 4.304037186881296576e-05 4.304037186881296576e-05
4.475474400286432049e-05 8.548156104547085729e-03 2.855800214822772354e-01 5.026405298961691415e-01 4.923021840315076067e-04 4.475474400286432049e-05 4.475474400286432049e-05 1.052184031507340106e-01 2.730039384174723360e-03 7.926065162907271200e-02 4.475474400286432049e-05 7.205513784461155952e-03 7.653061224489799211e-03 4.923021840315076067e-04
4.718316504671135652e-05 1.608945928092857247e-02 5.624705105218459344e-01 2.104840992733793548e-01 4.718316504671135652e-05 7.124657922053414041e-03 4.718316504671135652e-05 1.783995470416156193e-01 4.765499669717846581e-03 9.908464659809383852e-04 4.718316504671135652e-05 1.231480607719166384e-02 4.718316504671135652e-05 7.124657922053414041e-03
1.939439439439440182e-03 6.256256256256258912e-05 6.256256256256258912e-05 6.588463463463465342e-01 3.196946946946948448e-02 2.872247247247248225e-01 6.256256256256258912e-05 1.945695695695696600e-02 6.256256256256258912e-05 6.256256256256258912e-05 6.256256256256258912e-05 6.256256256256258912e-05 6.256256256256258912e-05 6.256256256256258912e-05
5.108817819556557202e-05 5.108817819556557202e-05 5.108817819556557202e-05 6.396750791866764319e-01 1.282313272708695759e-02 5.108817819556557202e-05 5.108817819556557202e-05 1.058036170430162876e-01 1.385000510881782554e-01 2.968223153162359573e-02 3.376928578726883651e-02 4.649024215796466498e-03 3.479104935118015191e-02 5.108817819556557202e-05
4.834654805646877956e-05 4.834654805646877956e-05 4.834654805646877956e-05 6.420905047379618091e-01 3.099013730419648144e-02 2.465673950879907622e-03 9.234190678785536219e-03 1.518565074453684383e-01 4.834654805646877956e-05 4.834654805646877956e-05 4.834654805646877956e-05 5.318120286211565481e-04 1.547573003287565641e-01 7.783794237091473320e-03
4.900999803960009256e-05 5.052930797882768804e-02 4.900999803960009256e-05 4.568221917271124144e-01 1.113017055479317979e-01 4.459909821603607813e-03 6.910409723583612468e-03 1.387473044501078556e-01 2.186336012546560015e-01 4.900999803960009256e-05 4.900999803960009256e-05 1.230150950793962306e-02 4.900999803960009256e-05 4.900999803960009256e-05
8.286653677545056940e-02 4.329030686799805600e-02 2.496346809547004934e-03 5.748295177788603771e-01 1.334023380418899452e-01 1.893570384802728199e-02 6.088650754992695210e-05 9.565270336093523174e-02 2.380662445202143956e-02 2.137116415002435904e-02 6.088650754992695210e-05 2.496346809547004934e-03 6.697515830491964934e-04 6.088650754992695210e-05
1.146344245465952261e-02 2.606935097524809564e-01 1.203376297479183572e-02 3.205771643663739567e-01 1.032280141439489290e-02 2.914337857876126911e-02 9.752480894262578054e-03 3.319835747690202954e-01 4.049275692939433013e-03 2.338314132542489328e-03 5.703205201323144851e-05 5.703205201323144851e-05 5.703205201323144851e-05 7.471198813733319517e-03
5.474270926644770729e-04 1.050064695929133277e-02 7.514680999303275689e-03 4.101224246043596033e-01 4.976609933313427874e-05 5.529013635911218111e-02 4.682989947247935547e-02 1.642778938986762527e-01 4.976609933313427874e-05 4.976609933313427874e-05 4.976609933313427874e-05 4.976609933313427874e-05 4.976609933313427874e-05 3.046182940181149101e-01
5.229031583350765810e-05 3.189709265843966839e-03 2.662099979083875079e-01 5.684480234260617104e-01 5.751934741685842730e-04 5.229031583350765810e-05 5.229031583350765810e-05 1.093390504078645131e-01 5.229031583350765810e-05 3.770131771595901932e-02 1.260196611587534668e-02 1.620999790838737300e-03 5.229031583350765810e-05 5.229031583350765810e-05
