4.033884630899557265e-05 3.723678902783381095e-01 4.268253327954820708e-01 4.118596208148447152e-02 1.052843888664784476e-02 1.440500201694231985e-01 4.033884630899557265e-05 2.864058087938685469e-03 4.033884630899557265e-05 2.057281161758774124e-03
5.162622612287041799e-05 1.084150748580278798e-03 3.856995353639648960e-01 2.932885906040268442e-01 5.214248838409912129e-03 1.146618482188951904e-01 5.678884873515746860e-04 1.957150232318017602e-01 5.162622612287041799e-05 3.665462054723799684e-03
6.105006105006105001e-05 6.105006105006105001e-05 1.380341880341880434e-01 4.462759462759462170e-02 6.105006105006105001e-05 2.961538461538461564e-01 6.105006105006105001e-05 5.025030525030524942e-01 1.776556776556776490e-02 6.715506715506716585e-04
4.508566275924257358e-05 4.508566275924257358e-05 1.943642921550947367e-01 4.508566275924257358e-05 4.508566275924257358e-05 2.258791704238052866e-02 4.508566275924257358e-05 6.677186654643824104e-02 7.114968440036069097e-01 4.553651938683499559e-03
4.261003521126760507e-01 6.646126760563380101e-03 1.263644366197183289e-01 4.401408450704225587e-05 4.401408450704225587e-05 1.690580985915492995e-01 4.401408450704225587e-05 2.654489436619718590e-01 4.401408450704225587e-05 6.205985915492957285e-03
4.060089321965084275e-05 4.060089321965084275e-05 1.019082419813236058e-02 4.060089321965084275e-05 4.060089321965084275e-05 1.039788875355258102e-01 4.060089321965084275e-05 8.855460820138044697e-01 4.060089321965084275e-05 4.060089321965084275e-05
7.391959798994975073e-02 5.025125628140704296e-05 6.603517587939699007e-01 5.025125628140704296e-05 5.025125628140704296e-05 1.593467336683417335e-01 1.763819095477387258e-02 7.492462311557789023e-02 1.361809045226130936e-02 5.025125628140704296e-05
4.415011037527593815e-05 2.653421633554084100e-02 1.514790286975717659e-01 1.064459161147902899e-01 4.415011037527593815e-05 7.068874172185429794e-01 9.271523178807947012e-04 1.368653421633554083e-03 5.342163355408388083e-03 9.271523178807947012e-04
8.084074373484236714e-05 8.084074373484236714e-05 1.666127728375101091e-01 8.084074373484236714e-05 3.314470493128536619e-03 4.858528698464025658e-02 8.084074373484236714e-05 7.591754244139046204e-01 8.084074373484236714e-05 2.190784155214228063e-02
5.382131324004306037e-05 5.382131324004306037e-05 3.918729817007535199e-01 1.889128094725511450e-02 5.388051668460710486e-01 3.611410118406888775e-02 5.382131324004306037e-05 5.382131324004306037e-05 1.135629709364908632e-02 2.744886975242195794e-03
6.464124111182934786e-05 6.464124111182934786e-05 3.484809308338720490e-01 6.464124111182934786e-05 6.070458952811894626e-01 4.337427278603749048e-02 6.464124111182934786e-05 6.464124111182934786e-05 6.464124111182934786e-05 7.110536522301228943e-04
4.308487720809995762e-05 4.308487720809995762e-05 2.710469625161568419e-01 4.308487720809995762e-05 2.804825506247306949e-02 9.009047824213700650e-02 4.739336492890995406e-04 6.768634209392503098e-02 9.952606635071090460e-03 5.325721671693235404e-01
4.700573813249869781e-01 5.216484089723526371e-05 2.087115284298383111e-01 5.216484089723526371e-05 5.738132498695879685e-04 1.873239436619718312e-01 5.216484089723526371e-05 2.769953051643192499e-02 5.738132498695879685e-04 1.049034950443401143e-01
7.067137809187280741e-05 7.067137809187280741e-05 7.357597173144876379e-01 7.067137809187280741e-05 1.484098939929328915e-03 4.812720848056537687e-02 2.134982332155477558e-01 7.067137809187280741e-05 7.067137809187280741e-05 7.773851590106009221e-04
5.268703898840886122e-05 5.268703898840886122e-05 2.835089567966280755e-01 5.268703898840886122e-05 6.396733403582719468e-01 3.851422550052686911e-02 5.268703898840886122e-05 9.536354056902004300e-03 5.268703898840886122e-05 2.850368809272919163e-02
5.254860746190227831e-05 2.154492905937993065e-03 5.428796636889122729e-01 3.111403047819233381e-01 5.780346820809250004e-04 1.224908039936941917e-01 2.154492905937993065e-03 1.791907514450867545e-02 5.780346820809250004e-04 5.254860746190227831e-05
1.359223300970873773e-03 4.595469255663430126e-03 4.719093851132686313e-01 3.825242718446601742e-02 6.537216828478964459e-03 9.650485436893203872e-02 1.689320388349514757e-02 1.314563106796116376e-01 2.130097087378640952e-01 1.948220064724919334e-02
5.780346820809249055e-05 5.780346820809249055e-05 4.520809248554913395e-01 8.728323699421964427e-03 5.191329479768785893e-01 1.450867052023121530e-02 5.780346820809249055e-05 5.780346820809249055e-05 5.780346820809249055e-05 5.260115606936416159e-03
7.102272727272728283e-05 7.102272727272728283e-05 3.480823863636363646e-01 5.752840909090908839e-03 5.938210227272727737e-01 4.126420454545454836e-02 7.883522727272726863e-03 2.911931818181817851e-03 7.102272727272728283e-05 7.102272727272728283e-05
9.126589275843006999e-02 1.266445550027639477e-01 1.332780541735765489e-01 5.527915975677169888e-05 1.160862354892205602e-03 3.720840243228303312e-01 6.080707573244887622e-04 1.918739635157545864e-01 5.527915975677169888e-05 8.297401879491431154e-02
6.497725795971410730e-05 6.497725795971410730e-05 5.835607537361923169e-01 6.959064327485380008e-02 6.497725795971410730e-05 9.688109161793372059e-02 2.495776478232618611e-01 6.497725795971410730e-05 6.497725795971410730e-05 6.497725795971410730e-05
2.791286727456940286e-02 3.090172239108409259e-03 4.504052684903748771e-01 1.018237082066869408e-02 5.065856129685917262e-05 9.832826747720364857e-02 5.065856129685917262e-05 2.736068895643363752e-01 2.588652482269503466e-02 1.104863221884498509e-01
1.805372082782914821e-03 2.470277410832232706e-02 2.334214002642008012e-01 4.007045354469396421e-03 1.365037428445618761e-03 3.047556142668428336e-01 4.403346543372963986e-05 4.271686481726111873e-01 2.686041391457507591e-03 4.403346543372963986e-05
5.885815185403178837e-05 4.773396115361977499e-02 1.948793407886992568e-01 1.418481459682166025e-02 5.885815185403178837e-05 3.643908181283108116e-01 6.474396703943497127e-04 2.101824602707475231e-01 5.885815185403178837e-05 1.678045909358446275e-01
2.826381647549530696e-01 5.213764337851929637e-05 4.385297184567257811e-01 5.213764337851929637e-05 2.559958289885297389e-02 1.601147028154327467e-01 5.213764337851929637e-05 1.882168925964546394e-02 5.213764337851929637e-05 7.408759124087591075e-02
3.597118155619596913e-01 9.746397694524495947e-02 1.061095100864553331e-01 5.763688760806916564e-05 5.763688760806916564e-05 4.311815561959654319e-01 5.763688760806916564e-05 6.340057636887608695e-04 4.668587896253601800e-03 5.763688760806916564e-05
5.165289256198348335e-05 4.700413223140497039e-03 5.439566115702479943e-01 1.038223140495868162e-02 4.700413223140497039e-03 3.517561983471075016e-02 5.165289256198348335e-05 6.616735537190084060e-02 2.593491735537190590e-01 7.546487603305786218e-02
5.279831045406548225e-05 5.807814149947202777e-04 5.454593453009504156e-01 1.114044350580781564e-02 2.592397043294614872e-02 1.045934530095037063e-01 1.452481520591341335e-01 1.616156282998944260e-01 5.332629355860612867e-03 5.279831045406548225e-05
5.292466073935422899e-02 4.478708469817501148e-01 1.914365933551707977e-01 4.679457182966776372e-05 4.679457182966776372e-05 2.616284510996724211e-01 4.679457182966776372e-05 2.671970051474029106e-02 4.679457182966776372e-05 1.923256902199345017e-02
1.013602457218078234e-02 6.717858709960508601e-02 3.374725756910925689e-01 4.216761737604211857e-02 4.387889425186485508e-05 2.940324703817464025e-01 4.387889425186485508e-05 2.422553751645458719e-01 4.387889425186485508e-05 6.625713032031592745e-03
7.703081232493000190e-04 7.002801120448181498e-05 1.205182072829131951e-01 1.477591036414566475e-02 7.002801120448181498e-05 1.121148459383753820e-01 7.002801120448181498e-05 7.486694677871150727e-01 7.002801120448181498e-05 2.871148459383754143e-03
4.792219679633866747e-01 9.798627002288329280e-02 1.702974828375286021e-01 4.622425629290617330e-03 4.576659038901601786e-05 2.476430205949656793e-01 4.576659038901601786e-05 4.576659038901601786e-05 4.576659038901601786e-05 4.576659038901601786e-05
5.906674542232724401e-05 5.906674542232724401e-05 6.367985823981099358e-01 5.906674542232724401e-05 5.906674542232724401e-05 5.203780271707029309e-02 3.107501476668635965e-01 5.906674542232724401e-05 5.906674542232724401e-05 5.906674542232724401e-05
5.243838489774516775e-05 2.149973780807551329e-03 6.188253801782905850e-01 8.442579968536971513e-03 5.243838489774516775e-05 1.232826428945988789e-01 5.243838489774516775e-05 5.144205558468799983e-02 1.474042999475616567e-01 4.829575249082328908e-02
3.805537669027688613e-02 4.449452672247262985e-02 2.119124275595621609e-01 9.079201545396008155e-03 7.083065035415325988e-04 1.101738570508692810e-01 7.083065035415325988e-04 2.318737926593689713e-01 2.453316162266580905e-02 3.284610431423052312e-01
4.008810572687224703e-03 4.405286343612335129e-05 4.035682819383260012e-01 1.281938325991189426e-02 4.405286343612335129e-05 6.876651982378854944e-02 4.405286343612335129e-05 1.383700440528634334e-01 2.867841409691629720e-02 3.436563876651982374e-01
5.555555555555555822e-05 5.555555555555555822e-05 8.006111111111110512e-01 5.555555555555555822e-05 5.555555555555555822e-05 3.561111111111110727e-02 2.277777777777777440e-03 5.555555555555555822e-05 1.611666666666666803e-01 5.555555555555555822e-05
7.656967840735070033e-05 7.656967840735070033e-05 4.984686064318530341e-02 2.373660030627871859e-03 7.656967840735070033e-05 9.961715160796326407e-02 7.656967840735070033e-05 8.385145482388974836e-01 9.264931087289434916e-03 7.656967840735070033e-05
6.123698714023270912e-05 5.603796693202695023e-01 2.180649112063686723e-01 5.027556644213104081e-02 6.123698714023270912e-05 1.451928965094917423e-01 6.123698714023270912e-05 2.271892222902633166e-02 3.123086344151867338e-03 6.123698714023270912e-05
5.459057071960299930e-04 5.459057071960299930e-04 5.543920595533499140e-01 4.962779156327544775e-05 4.962779156327544775e-05 7.598014888337470407e-02 4.962779156327544775e-05 2.436724565756824556e-02 3.191563275434243785e-01 2.486352357320099904e-02
5.536568694463430730e-03 1.032809295967190705e-01 1.962406015037594098e-01 6.835269993164730786e-05 6.835269993164730786e-05 6.220779220779221186e-01 6.835269993164730786e-05 4.518113465481886359e-02 1.510594668489405497e-02 1.237183868762816233e-02
2.381294964028776995e-01 3.335513407455853365e-03 3.578155657292347858e-01 6.540222367560496954e-05 6.540222367560496954e-05 1.753433616742969547e-01 7.194244604316546920e-04 2.243950294310006754e-01 6.540222367560496954e-05 6.540222367560496954e-05
1.960000000000000075e-01 4.115942028985506741e-03 5.183188405797101161e-01 2.440579710144927597e-02 3.484057971014492550e-02 1.942608695652174033e-01 1.049275362318840589e-02 1.281159420289855119e-02 2.956521739130434524e-03 1.797101449275362306e-03
6.184291898577613052e-05 6.184291898577613052e-05 6.178726035868893351e-01 1.737786023500309182e-02 6.184291898577613052e-05 1.082869511440939930e-01 5.009276437847866477e-03 6.184291898577613052e-05 2.505256648113791118e-01 6.802721088435374763e-04
2.562715199212985823e-02 1.037875061485489525e-02 3.787998032464338638e-01 2.316773241515002538e-02 3.783079193310379118e-01 1.146581406787997998e-01 1.923266109198229143e-02 1.234628627643876049e-02 1.775700934579439380e-02 1.972454500737826077e-02
1.083032490974729454e-03 5.157297576070139837e-05 6.117070654976792810e-01 1.083032490974729454e-03 2.635379061371841483e-02 7.173800928313564529e-02 2.620422898401238432e-01 2.583806085611140002e-02 5.157297576070139837e-05 5.157297576070139837e-05
5.934718100890208040e-05 5.934718100890208040e-05 5.602967359050444740e-01 6.296735905044510695e-02 2.557863501483679733e-02 5.169139465875370598e-02 6.528189910979229115e-04 9.857566765578634760e-02 7.774480712166171800e-03 1.923442136498516586e-01
1.255024564537740063e-02 3.309513175524787798e-02 4.068780705672174480e-02 2.460920053595355012e-02 2.823135328271549893e-01 3.845466726217060954e-02 4.466279589102277838e-05 1.835640911121036098e-02 3.617686467172844846e-03 5.462706565430995864e-01
5.291005291005291904e-05 5.291005291005291904e-05 5.773015873015873156e-01 1.645502645502645855e-02 3.227513227513227872e-03 1.487301587301587680e-01 5.291005291005291904e-05 2.444973544973545465e-01 6.402116402116402906e-03 3.227513227513227872e-03
5.574136008918617786e-05 5.574136008918617786e-05 4.465440356744704853e-01 1.956521739130434936e-02 5.574136008918617786e-05 1.566889632107023589e-01 5.574136008918617786e-05 5.574136008918617786e-05 5.574136008918617786e-05 3.768673355629877375e-01
5.141388174807199468e-05 5.141388174807199468e-05 5.671465295629820602e-01 5.095115681233933908e-02 2.622107969151671499e-03 1.033933161953727725e-01 7.249357326478150614e-03 5.141388174807199468e-05 2.674035989717224449e-01 1.079691516709511794e-03
2.216704288939052095e-02 6.279909706546274450e-02 2.153950338600451597e-01 1.178329571106094889e-02 4.514672686230248851e-05 2.316478555304740394e-01 4.514672686230248851e-05 4.311963882618510269e-01 3.656884875846500797e-03 2.126410835214447015e-02
1.274271844660194216e-03 6.067961165048544112e-05 4.939927184466019749e-01 1.153519417475728087e-01 2.008495145631068041e-02 9.714805825242718573e-02 6.067961165048544112e-05 6.067961165048544112e-05 2.712985436893203817e-01 6.674757281553398997e-04
6.157635467980296449e-05 6.157635467980296449e-05 6.108990147783250890e-01 4.371921182266009544e-03 1.052955665024630713e-02 4.371921182266009544e-03 3.695197044334975756e-01 6.157635467980296449e-05 6.157635467980296449e-05 6.157635467980296449e-05
6.138253638253637900e-02 1.507796257796257811e-01 2.827962577962578328e-01 2.130977130977130662e-03 5.197505197505197794e-05 3.695945945945945943e-01 1.408523908523908602e-02 1.086798336798336789e-01 5.197505197505197794e-05 1.044698544698544757e-02
6.553276638319159055e-03 1.805902951475737983e-02 4.867933966983492011e-01 5.002501250625312974e-05 5.002501250625312974e-05 7.408704352176087582e-02 5.002501250625312974e-05 1.876438219109554939e-01 1.050525262631315637e-03 2.256628314157078652e-01
5.724098454493418026e-05 6.296508299942760439e-04 6.594733829421866034e-01 1.202060675443617941e-03 1.093302804808242955e-02 9.164281625643962148e-02 1.986834573554665528e-01 5.724098454493418026e-05 3.726388093875214469e-02 5.724098454493418026e-05
4.651162790697674815e-05 4.651162790697674815e-05 3.758604651162790744e-01 1.027906976744186185e-02 5.605116279069767282e-01 5.213953488372093104e-02 4.651162790697674815e-05 4.651162790697674815e-05 4.651162790697674815e-05 9.767441860465116230e-04
1.278350515463917573e-03 4.123711340206185499e-05 4.705567010309277820e-01 1.225154639175257826e-01 4.123711340206185499e-05 1.975670103092783680e-01 9.113402061855671241e-03 1.604536082474226910e-01 4.123711340206185499e-05 3.839175257731958224e-02
4.814636494944631706e-05 2.267693789118921735e-02 4.516610495907559253e-01 4.814636494944631706e-05 1.208473760231102562e-02 1.406355320173326984e-01 2.455464612421761825e-03 5.012036591237361421e-02 7.751564756860857691e-03 3.125180548868560781e-01
1.398723157283807313e-02 5.803830528148578232e-05 3.413232733604179003e-01 6.384213580963436123e-04 4.764944863609982262e-02 4.939059779454439691e-02 5.983749274521183575e-02 8.189204875217642732e-02 1.799187463726059340e-03 4.034242600116076938e-01
5.285412262156449238e-05 5.285412262156449238e-05 1.417019027484144045e-01 5.285412262156449238e-05 5.285412262156449238e-05 4.762156448202960191e-02 5.285412262156449238e-05 7.976215644820296991e-01 2.695560253699788664e-03 1.009513742071881798e-02
1.709401709401709400e-04 1.709401709401709400e-04 5.316239316239316365e-02 6.770940170940171754e-01 1.880341880341880557e-03 7.025641025641025939e-02 1.709401709401709400e-04 1.950427350427350326e-01 1.709401709401709400e-04 1.880341880341880557e-03
5.847953216374269250e-05 5.847953216374269250e-05 3.708187134502924365e-01 8.368421052631579149e-02 3.994736842105263142e-01 8.192982456140350533e-02 2.397660818713450142e-03 5.847953216374269250e-05 2.461988304093567365e-02 3.690058479532163510e-02
5.640157924421883794e-05 7.388606880992667526e-03 4.044557247602932892e-01 2.769317540891145027e-02 5.640157924421883794e-05 1.517766497461928987e-01 5.640157924421883794e-05 1.055273547659334454e-01 2.967287084038353062e-01 6.260575296108290659e-03
4.791566842357452432e-05 4.791566842357452432e-05 4.935793004312410970e-01 2.496406324868232635e-02 4.791566842357452432e-05 8.917105893627218227e-02 4.791566842357452432e-05 4.413033061811212632e-02 3.479156684235745756e-01 4.791566842357452432e-05
5.837711617046118369e-05 5.837711617046118369e-05 2.335668417980151790e-01 1.395796847635726867e-01 2.977232924693519901e-03 3.082895504962054889e-01 5.837711617046118369e-05 2.364856976065382588e-01 1.056625802685347455e-02 6.835960303561003371e-02
5.027652086475616999e-05 1.055806938159879488e-03 3.751131221719457565e-01 6.586224233283057700e-03 5.586224233283056950e-01 5.736551030668678164e-02 5.027652086475616999e-05 5.530417295123178428e-04 5.027652086475616999e-05 5.530417295123178428e-04
1.153846153846153954e-03 5.494505494505494501e-05 5.357692307692307754e-01 3.351648351648351537e-03 3.593956043956044177e-01 6.379120879120879495e-02 1.763736263736263854e-02 1.873626373626373701e-02 5.494505494505494501e-05 5.494505494505494501e-05
4.771019677996422570e-01 5.963029218843172405e-05 2.838998211091234292e-01 6.559332140727490391e-04 5.963029218843172405e-05 1.091830649970184780e-01 5.963029218843172405e-05 5.551580202742992937e-02 2.033392963625521924e-02 5.313059033989266100e-02
6.390319258496396371e-02 5.149330587023688371e-05 7.065396498455202012e-01 2.013388259526262269e-02 5.149330587023688371e-05 1.195159629248197936e-01 2.579814624098867790e-02 6.235839340885686310e-02 5.149330587023688371e-05 1.596292481977343259e-03
4.629629629629629806e-04 1.729797979797979834e-02 5.168771043771043239e-01 1.347222222222222432e-01 4.208754208754208976e-05 1.536616161616161658e-01 4.208754208754208976e-05 4.208754208754208976e-05 4.208754208754208976e-05 1.768097643097643057e-01
1.673125956144824178e-01 8.011218765935747277e-02 2.963284038755736871e-01 5.099439061703212815e-05 5.609382967873534570e-04 3.136664966853646153e-01 5.150433452320244895e-03 7.807241203467618629e-02 6.680265170831208021e-03 5.206527281998980100e-02
2.451923076923076799e-03 5.100961538461538242e-02 3.490865384615384759e-01 2.264423076923077066e-02 4.807692307692307688e-05 2.144711538461538669e-01 5.288461538461539406e-04 3.596634615384615707e-01 4.807692307692307688e-05 4.807692307692307688e-05
1.088646967340591064e-03 2.125453602903058445e-03 2.872472783825816833e-01 2.804561949196475099e-02 6.387247278382581772e-01 3.530326594090202330e-02 5.184033177812339207e-05 6.791083462934163067e-03 5.184033177812339207e-05 5.702436495593572654e-04
5.621135469364811751e-05 6.183249016301293468e-04 5.351883080382237035e-01 2.175941540191118628e-01 1.410905002810567896e-02 1.473299606520517280e-01 3.771781899943787986e-02 4.109050028105677016e-02 6.239460370994940989e-03 5.621135469364811751e-05
2.505741127348642960e-01 1.831941544885177381e-02 5.099686847599165240e-01 5.219206680584551441e-05 5.219206680584551441e-05 1.978601252609603345e-01 5.219206680584551441e-05 2.301670146137787046e-02 5.219206680584551441e-05 5.219206680584551441e-05
6.341154090044388066e-05 6.341154090044388066e-05 2.803424223208624277e-01 6.341154090044388066e-05 6.341154090044388066e-05 9.898541534559289479e-02 6.341154090044388066e-05 7.552314521242865786e-02 5.447685478757133826e-01 6.341154090044388066e-05
5.646527385657820465e-05 5.646527385657820465e-05 2.733483907396950796e-01 1.191417278373800223e-02 5.646527385657820465e-05 1.237154150197628394e-01 5.646527385657820465e-05 2.941840767927724615e-02 5.646527385657820465e-05 5.613212874082439408e-01
2.987697715289982289e-03 5.858230814294083331e-05 5.460456942003515390e-01 1.528998242530755711e-02 7.088459285295840850e-03 5.336848271821909712e-02 3.533099004100761498e-01 1.587580550673696467e-02 5.916813122437023995e-03 5.858230814294083331e-05
4.297378599054577075e-05 1.465406102277610687e-02 5.647185217017618442e-01 4.344649763644176793e-02 2.222174473571121578e-01 1.053287494628276783e-01 4.297378599054577075e-05 4.297378599054577075e-05 4.297378599054577075e-05 4.946282767511817752e-02
6.622516556291390723e-05 6.622516556291390723e-05 5.258940397350994056e-01 6.026490066225164907e-03 3.828476821192053348e-01 8.483443708609271494e-02 6.622516556291390723e-05 6.622516556291390723e-05 6.622516556291390723e-05 6.622516556291390723e-05
6.180469715698393629e-05 6.180469715698393629e-05 5.890605686032138744e-01 6.180469715698393629e-05 6.180469715698393629e-05 9.400494437577255891e-02 1.255253399258343672e-01 1.805315203955500658e-01 6.180469715698393629e-05 1.056860321384425240e-02
8.787346221441125335e-05 8.787346221441125335e-05 2.601933216168716978e-01 3.347978910369068389e-02 6.239015817223198500e-03 1.608963093145869827e-01 8.787346221441125335e-05 5.334797891036907602e-01 5.360281195079085424e-03 8.787346221441125335e-05
1.206482593037215036e-02 6.002400960384153924e-05 2.917767106842737435e-01 1.446578631452581122e-02 2.046818727490996512e-02 2.923769507803121170e-01 6.002400960384153924e-05 1.117046818727490953e-01 2.515606242496998823e-01 5.462184873949579508e-03
4.568296025582459067e-05 1.416171767930562162e-03 7.967565098218365449e-01 3.796253997259022711e-02 2.517131110095934682e-02 5.851987208771129018e-02 5.025125628140705110e-04 2.425765189584285636e-02 4.755596162631339080e-02 7.811786203746004693e-03
1.715838509316770441e-02 3.190993788819875693e-02 1.274068322981366519e-01 2.461956521739130654e-01 7.763975155279503393e-05 5.388975155279502882e-01 2.406832298136645822e-03 2.958074534161490854e-02 3.959627329192545904e-03 2.406832298136645822e-03
1.011666666666666825e-01 5.555555555555557177e-05 6.456111111111112466e-01 3.561111111111111421e-02 5.555555555555557177e-05 1.128333333333333549e-01 2.833333333333333971e-03 1.017222222222222416e-01 5.555555555555557177e-05 5.555555555555557177e-05
7.434944237918215753e-05 2.350185873605948050e-01 1.420817843866170882e-01 9.739776951672862379e-03 7.434944237918215753e-05 4.045353159851301506e-01 8.178438661710038006e-04 1.948698884758364447e-01 7.434944237918215753e-05 1.271375464684014987e-02
4.363001745200698300e-05 1.531413612565445115e-02 4.354712041884816753e-01 2.054973821989528743e-02 9.642233856893544022e-03 1.038830715532286231e-01 4.363001745200698300e-05 4.363001745200698300e-05 9.205933682373473176e-03 4.058027923211169341e-01
1.769312733084709710e-01 5.327650506126798449e-05 4.470431539690996603e-01 5.327650506126798449e-05 5.327650506126798449e-05 1.486947256259989469e-01 5.327650506126798449e-05 2.264784230154502087e-01 5.327650506126798449e-05 5.860415556739478633e-04
6.310958118187034354e-04 5.737234652897303650e-05 3.637980493402180326e-01 9.236947791164658653e-03 5.737234652897303650e-05 2.140562248995984129e-01 5.737234652897303650e-05 2.840504876649455057e-01 1.279977051061388371e-01 5.737234652897303650e-05
1.360902255639097856e-02 6.473684210526314819e-02 1.715037593984962416e-01 7.518796992481204000e-05 7.518796992481204000e-05 1.053383458646616477e-01 7.518796992481204000e-05 7.518796992481204000e-05 5.910526315789473850e-01 5.345864661654135125e-02
4.987531172069826449e-05 4.987531172069826449e-05 5.212468827930174520e-01 1.850374064837905647e-02 2.548628428927681225e-02 1.317206982543641103e-01 2.963092269326683681e-01 5.536159600997506668e-03 4.987531172069826449e-05 1.047381546134663541e-03
1.358511837655016971e-02 3.556933483652761907e-02 5.660090191657272118e-01 5.636978579481398530e-05 5.636978579481398530e-05 1.708568207440811781e-01 1.911499436302142307e-01 2.260428410372040606e-02 5.636978579481398530e-05 5.636978579481398530e-05
7.610350076103502778e-05 5.403348554033486281e-03 3.127853881278539611e-02 7.610350076103502778e-05 7.610350076103502778e-05 5.030441400304414695e-02 7.610350076103502778e-05 7.610350076103502778e-05 9.125570776255708116e-01 7.610350076103502778e-05
5.793742757821552771e-05 6.431054461181923664e-03 3.447856315179606002e-01 5.393974507531865137e-02 3.424101969872538065e-02 9.333719582850520669e-02 5.793742757821552771e-05 4.079374275782155501e-01 5.793742757821552771e-05 5.915411355735804982e-02
8.455882352941177654e-03 1.087710084033613467e-01 4.501575630252100946e-01 3.073004201680672454e-01 5.252100840336134768e-05 5.414915966386554119e-02 5.252100840336134768e-05 5.252100840336134768e-05 2.788865546218487548e-02 4.311974789915966333e-02
5.257623554153522988e-05 5.257623554153522988e-05 5.079390115667717920e-01 1.950578338590957042e-02 1.104100946372239692e-03 5.788643533123027929e-02 5.257623554153522988e-05 8.990536277602524662e-03 9.516298633017877123e-03 3.949001051524710926e-01
4.599816007359705977e-05 5.708371665133394474e-02 6.113615455381784525e-01 5.662373505059797169e-02 5.059797608095676236e-04 1.458601655933762786e-01 9.434222631094756062e-02 1.982520699172033232e-02 4.645814167433302312e-03 9.705611775528978982e-03
5.837711617046118369e-05 4.851138353765323957e-02 5.721541155866900485e-01 1.185639229422066482e-01 5.837711617046118369e-05 1.856976065382370256e-01 5.837711617046118369e-05 2.866316403969643850e-02 1.290134267367192174e-02 3.333333333333333287e-02
4.952947003467064280e-05 4.952947003467064280e-05 5.711243189697871037e-01 1.193660227835562429e-02 5.002476473501734841e-03 6.493313521545319988e-02 8.469539375928680433e-03 1.045071817731550549e-02 3.274393263992075864e-01 5.448241703813770436e-04
2.360211889346674682e-02 3.713949381989405801e-02 2.719835197174808594e-01 1.359623307828134245e-02 5.885815185403178837e-05 1.313125367863449133e-01 5.885815185403178837e-05 1.042377869334902840e-01 7.710417892878163558e-03 4.103001765744555551e-01
4.304778303917349664e-05 5.570813603099441513e-01 2.273353422298752258e-01 4.735256134309084224e-04 2.888506241928541149e-02 1.334911752044770084e-01 4.304778303917349664e-05 4.868704261730521371e-02 3.917348256564787828e-03 4.304778303917349664e-05
4.923903312444048372e-04 2.932408236347359698e-01 4.866159355416294074e-01 6.311548791405551494e-03 1.061324977618621490e-01 1.047896150402864990e-01 2.282900626678603575e-03 4.476275738585498335e-05 4.476275738585498335e-05 4.476275738585498335e-05
4.719207173194904628e-05 5.828692779613026120e-01 2.364794714487966631e-01 9.957527135441249233e-03 4.719207173194904628e-05 1.548371873525248299e-01 9.910335063709298838e-04 1.137328928739972031e-02 2.878716375648891247e-03 5.191127890514394888e-04
6.257822277847310116e-05 6.257822277847310116e-05 6.909261576971212904e-01 6.257822277847310116e-05 6.257822277847310116e-05 2.884856070087609553e-02 6.257822277847310116e-05 3.760951188986232790e-02 6.257822277847310116e-05 2.422403003754693418e-01
1.599897802759326082e-01 5.109862033725091169e-05 6.622892181911089748e-01 1.435871231476750463e-02 2.508942258559019450e-02 1.078691875319366666e-01 2.662238119570772138e-02 3.628002043944814330e-03 5.109862033725091169e-05 5.109862033725091169e-05
2.466150870406190118e-03 1.499032882011605864e-03 7.103965183752418699e-01 6.484526112185687308e-02 4.835589941972921946e-05 1.601063829787234549e-01 1.068665377176015834e-02 4.985493230174081747e-02 4.835589941972921946e-05 4.835589941972921946e-05
1.324019607843137381e-01 4.901960784313725964e-05 4.510294117647059009e-01 3.926470588235293768e-02 4.901960784313725964e-05 1.216176470588235248e-01 4.901960784313725964e-05 2.235784313725490413e-01 1.519607843137254968e-03 3.044117647058823539e-02
6.151035322777101064e-03 6.090133982947625057e-05 5.956760048721071454e-01 3.051157125456760086e-02 6.699147381242387834e-04 8.288672350791717602e-02 6.090133982947625057e-05 2.095615103532277868e-01 3.721071863580999173e-02 3.721071863580999173e-02
8.613804905875641071e-03 3.371363377067883998e-02 3.286366229321163734e-01 5.704506560182544505e-05 5.704506560182544505e-05 4.062179121505989920e-01 5.704506560182544505e-05 1.654877353108956117e-01 2.116371933827724053e-02 3.599543639475185491e-02
2.464410154305624878e-01 1.100049776007964303e-02 4.241413638626182481e-01 7.516177202588352098e-03 4.977600796416127809e-05 2.140866102538576399e-01 4.977600796416127809e-05 3.190642110502737300e-02 9.009457441513190820e-03 5.579890492782478562e-02
5.230125523012554021e-05 2.955543933054394223e-01 5.659518828451883810e-01 7.897489539748956192e-03 4.450836820083682588e-02 8.164225941422595390e-02 3.713389121338912975e-03 5.230125523012554021e-05 5.753138075313808881e-04 5.230125523012554021e-05
6.654676258992805495e-03 3.603117505995204195e-02 5.857913669064748197e-01 4.256594724220623405e-03 6.594724220623501615e-04 1.601318944844124792e-01 5.995203836930455767e-05 1.864508393285371768e-02 9.658273381294964210e-02 9.118705035971222395e-02
6.253908692933083172e-05 6.879299562226392573e-04 4.872420262664165502e-01 6.253908692933083172e-05 6.253908692933083172e-05 8.136335209505940469e-02 6.253908692933083172e-05 2.757973733583489809e-02 3.896810506566604215e-01 1.319574734208880593e-02
5.975013579576318084e-04 5.431830526887561155e-05 6.404671374253122496e-01 2.558392178164041464e-02 1.580662683324280532e-02 3.427485062466051335e-02 6.029331884845192530e-03 5.431830526887561155e-05 2.770776751765344770e-01 5.431830526887561155e-05
4.372540445999125472e-05 4.809794490599038222e-04 5.173152601661564765e-01 4.372540445999125472e-05 4.372540445999125472e-05 3.625273283777875055e-01 3.541757761259291693e-03 5.557498906864888344e-02 1.753388718845649494e-02 4.289462177525141945e-02
3.441527446300715609e-02 3.584725536992839495e-02 2.702147971360381873e-01 4.730310262529832666e-02 1.484486873508353288e-02 2.582816229116945417e-01 4.773269689737470414e-05 2.372792362768496588e-01 5.255369928400954044e-02 4.921241050119331412e-02
1.118806606286627857e-03 5.327650506126799127e-05 7.421949920085242347e-01 2.882258923814598126e-02 5.327650506126799127e-05 1.875865743207245917e-01 2.562599893446990129e-02 1.337240277037826490e-02 5.860415556739478633e-04 5.860415556739478633e-04
5.778032036613272963e-03 5.720823798627003249e-05 6.899885583524028032e-01 2.923340961098398749e-02 5.720823798627003249e-05 2.185926773455378058e-01 2.179633867276888071e-02 1.950800915331808022e-02 1.493135011441647925e-02 5.720823798627003249e-05
5.515719801434088672e-05 5.515719801434088672e-05 8.003309431880861746e-02 5.515719801434088672e-05 5.515719801434088672e-05 1.771097628240485833e-01 5.515719801434088672e-05 6.895201323772753854e-01 5.300606729178158893e-02 5.515719801434088672e-05
5.224358974358973839e-02 2.793040293040293092e-03 1.731227106227106460e-01 3.209706959706959406e-02 4.578754578754578751e-05 7.179945054945054972e-01 4.578754578754578751e-05 2.156593406593406564e-02 4.578754578754578751e-05 4.578754578754578751e-05
2.705570291777188371e-03 5.305039787798409488e-05 6.191511936339523237e-01 7.480106100795756545e-03 3.135278514588860088e-02 1.374535809018568033e-01 1.751193633952254913e-01 8.541114058355439229e-03 1.809018567639257558e-02 5.305039787798409488e-05
1.187111362351611198e-03 5.652911249293387304e-05 2.674392312040701492e-01 2.317693612210288551e-03 7.196721311475410277e-01 9.101187111362353532e-03 5.652911249293387304e-05 5.652911249293387304e-05 5.652911249293387304e-05 5.652911249293387304e-05
6.707317073170733328e-04 6.097560975609757448e-05 6.323780487804878669e-01 3.725609756097561509e-02 2.506097560975610247e-02 5.432926829268293345e-02 2.500609756097561531e-01 6.097560975609757448e-05 6.097560975609757448e-05 6.097560975609757448e-05
2.575376884422110515e-03 3.203517587939698139e-03 3.945351758793970154e-01 1.702261306532663540e-02 1.262562814070351813e-02 1.445351758793969876e-01 1.319095477386934834e-03 2.820979899497487731e-01 1.319095477386934834e-03 1.407663316582914437e-01
5.589714924538848523e-05 1.062604807154835102e-01 5.450531022917831647e-01 2.576858580212409294e-02 1.247065399664617075e-01 1.090553381777529252e-01 5.589714924538848523e-05 4.924538848518725254e-02 6.148686416992734391e-04 3.918390162101732799e-02
5.282620179609086308e-05 5.282620179609086308e-05 4.501320655044902530e-01 5.282620179609086308e-05 1.695721077654516878e-02 9.989434759640782036e-02 1.378763866877971526e-02 5.282620179609086308e-05 5.282620179609086308e-05 4.189646064447966056e-01
4.017501988862371039e-03 2.426412092283214243e-03 1.066428003182180034e-01 4.618138424821002785e-02 3.977724741447892802e-05 8.353619729514718539e-01 2.028639618138425044e-03 3.221957040572792641e-03 3.977724741447892802e-05 3.977724741447892802e-05
1.347943722943722999e-01 5.952380952380952918e-04 4.627164502164502480e-01 5.952380952380952918e-04 5.411255411255411251e-05 1.456168831168831168e-01 5.411255411255411251e-05 2.549242424242424421e-01 5.952380952380952918e-04 5.411255411255411251e-05
7.535795026375283494e-05 3.843255463451393864e-03 2.050489826676714644e-01 7.535795026375283494e-05 7.535795026375283494e-05 4.981914091936699429e-01 7.535795026375283494e-05 2.924642049736247418e-01 7.535795026375283494e-05 7.535795026375283494e-05
6.228765571913931400e-04 5.662514156285391504e-05 6.280294450736126910e-01 3.006795016987542923e-02 5.662514156285391504e-05 1.874292185730464660e-02 3.069648924122310718e-01 1.477916194790487164e-02 6.228765571913931400e-04 5.662514156285391504e-05
6.269592476489029703e-05 6.269592476489029703e-05 6.633855799373041817e-01 5.398119122257054314e-02 1.010031347962382642e-01 4.144200626959248374e-02 1.398746081504702587e-01 6.269592476489029703e-05 6.269592476489029703e-05 6.269592476489029703e-05
5.073566717402335185e-05 2.085235920852359856e-02 8.092846270928464314e-01 4.926433282597666996e-02 2.135971588026383192e-02 7.919837645865045184e-02 5.124302384576358456e-03 9.690512430238461261e-03 5.580923389142568433e-04 4.616945712836125100e-03
5.799026117751217291e-03 4.426737494466578447e-05 4.608676405489154360e-01 6.246126604692341794e-02 4.426737494466578447e-05 1.461266046923417605e-01 4.426737494466578447e-05 2.342186808322266611e-01 3.767153607791057929e-02 5.272244355909694313e-02
6.246096189881324070e-05 6.246096189881324070e-05 4.810118675827607659e-01 2.879450343535290557e-02 1.005621486570893244e-02 2.961274203622735746e-01 6.246096189881324070e-05 3.185509056839474964e-03 1.680824484697064358e-01 1.255465334166146196e-02
4.759638267491672105e-05 4.759638267491672105e-05 7.572584483579249126e-02 5.759162303664922163e-03 1.475487862922418352e-03 1.356972870061875780e-01 4.759638267491672105e-05 7.772965254640648025e-01 3.855306996668253754e-03 4.759638267491672105e-05
5.035246727089628065e-05 5.035246727089628065e-05 3.716515609264854358e-01 1.565961732124874356e-02 5.488922457200402505e-01 6.299093655589124707e-02 5.035246727089628065e-05 5.035246727089628065e-05 5.538771399798591210e-04 5.035246727089628065e-05
5.621135469364813106e-05 2.732433951658235771e-01 5.762225969645869972e-01 5.115233277121980157e-03 2.197863968521641953e-02 9.730185497470490719e-02 5.621135469364813106e-05 2.478920741989882812e-02 5.621135469364813106e-05 1.180438448566610739e-03
4.985044865403789047e-05 4.257726819541375884e-01 1.834995014955134729e-01 1.400797607178464604e-02 4.985044865403789047e-05 3.500000000000000333e-01 3.040877367896311061e-03 2.347956131605184391e-02 4.985044865403789047e-05 4.985044865403789047e-05
4.372540445999125472e-05 4.372540445999125472e-05 3.411018801923917931e-01 4.372540445999125472e-05 6.170091823349365123e-01 4.114560559685177116e-02 4.372540445999125472e-05 4.809794490599038222e-04 4.372540445999125472e-05 4.372540445999125472e-05
1.334396597554492366e-02 1.116427432216905843e-03 3.854864433811802105e-01 5.316321105794790536e-05 5.316321105794790536e-05 1.643274853801169610e-01 1.648059542796384992e-03 4.157894736842105421e-01 1.706539074960127661e-02 1.116427432216905843e-03
1.168495803744351233e-02 1.426726920593931677e-02 2.563589412524209243e-01 6.455777921239510024e-05 6.455777921239510024e-05 2.234344738540994246e-01 6.455777921239510024e-05 2.931568754034861168e-01 1.168495803744351233e-02 1.892188508715300366e-01
5.567928730512249606e-05 5.567928730512249606e-05 2.728841870824053606e-01 1.320155902004454262e-01 4.438195991091314352e-01 1.386971046770601179e-01 5.567928730512249606e-05 1.230512249443207161e-02 5.567928730512249606e-05 5.567928730512249606e-05
4.916420845624386960e-05 1.529006882989184316e-02 5.516715830875124071e-01 5.408062930186825724e-04 6.691248770894789311e-02 9.788593903638152793e-02 4.473942969518191273e-03 4.916420845624386960e-05 4.916420845624386960e-05 2.630776794493609461e-01
6.385696040868455326e-05 6.385696040868455326e-05 5.779693486590038454e-01 7.024265644955300994e-04 1.340996168582375605e-03 4.923371647509577897e-02 3.704342273307790756e-01 6.385696040868455326e-05 6.385696040868455326e-05 6.385696040868455326e-05
3.461461959224266804e-01 4.972650422675286463e-05 3.282446544007956435e-01 2.988562904027846842e-02 4.972650422675286463e-05 1.571854798607658088e-01 4.972650422675286463e-05 5.425161611138736711e-02 2.988562904027846842e-02 5.425161611138736711e-02
4.780114722753346044e-05 2.510038240917782382e-01 1.429732313575526048e-01 4.780114722753346044e-05 4.780114722753346044e-05 5.478489483747609468e-01 4.780114722753346044e-05 5.788718929254301621e-02 4.780114722753346044e-05 4.780114722753346044e-05
7.552870090634442436e-05 7.552870090634442436e-05 4.388217522658611341e-02 7.552870090634442436e-05 8.308157099697887358e-04 4.765861027190333027e-02 7.552870090634442436e-05 1.586102719033232952e-03 9.056646525679759030e-01 7.552870090634442436e-05
6.006006006006007905e-05 6.006006006006007905e-05 7.039639639639641011e-01 6.006006006006007905e-05 2.768768768768769747e-02 6.492492492492493716e-02 6.006006006006007905e-05 1.987987987987988731e-02 1.796396396396396922e-01 3.663663663663664551e-03
5.624296962879641806e-05 5.624296962879641806e-05 6.311023622047244874e-01 5.624296962879641806e-05 1.743532058492688885e-03 9.904386951631048708e-02 5.118110236220473237e-03 5.629921259842520648e-02 1.873453318335208673e-01 1.917885264341957774e-02
4.591368227731865262e-05 4.591368227731865262e-05 1.758953168044077586e-01 2.070707070707071204e-02 4.591368227731865262e-05 2.833333333333333814e-01 4.591368227731865262e-05 5.197887970615243658e-01 4.591368227731865262e-05 4.591368227731865262e-05
5.125576627370580685e-05 5.125576627370580685e-05 5.566888774987186483e-01 8.252178370066635960e-03 5.125576627370580685e-05 6.104561763198360774e-02 5.638134290107639024e-04 4.361865709892363829e-02 3.214249103024091059e-01 8.252178370066635960e-03
5.934718100890208040e-05 5.934718100890208040e-05 4.332937685459940513e-01 4.397626112759643602e-02 4.154896142433234796e-01 6.237388724035607818e-02 5.934718100890208040e-05 2.201780415430266979e-02 2.261127596439169163e-02 5.934718100890208040e-05
1.169916434540390227e-03 5.571030640668524859e-05 6.418384401114206605e-01 2.841225626740947075e-03 2.490807799442897319e-01 8.807799442896936670e-02 1.676880222841226065e-02 5.571030640668524859e-05 5.571030640668524859e-05 5.571030640668524859e-05
4.422821760283061535e-05 4.422821760283061535e-05 3.843874391862008855e-01 5.683768244139761894e-01 4.909332153914197985e-03 3.056169836355595096e-02 2.697921273772667557e-03 4.024767801857585814e-03 9.287925696594429969e-04 4.024767801857585814e-03
2.436125965537729986e-03 5.941770647653001107e-05 4.225193107546048599e-01 5.941770647653001107e-05 4.450980392156863030e-01 6.244800950683303264e-02 6.304218657159833816e-02 4.218657159833630495e-03 5.941770647653001107e-05 5.941770647653001107e-05
6.157635467980296449e-05 6.157635467980296449e-05 3.097906403940887121e-01 2.469211822660099045e-02 6.330665024630541815e-01 3.146551724137931771e-02 6.773399014778327043e-04 6.157635467980296449e-05 6.157635467980296449e-05 6.157635467980296449e-05
4.803493449781660526e-03 1.230647082175466813e-03 9.055180627233030966e-02 1.393410083366415468e-02 3.969829297340215569e-05 8.237792774910680516e-01 3.969829297340215569e-05 6.435093290988488923e-02 1.230647082175466813e-03 3.969829297340215569e-05
