4.736119007011559967e-01 2.068725917503632088e-03 9.017118312172320294e-03 3.963742025140547763e-03 4.895458278062030100e-04 1.817636283241740730e-02 1.579180089697429119e-05 1.579180089697429119e-05 4.895458278062030100e-04 1.737098098667172268e-04 3.489987998231318736e-03 1.579180089697429119e-05 3.753868991219758700e-01 1.130850862232329057e-01
3.532024018013510402e-01 2.212284213159869950e-01 1.726503210741389682e-01 2.293386706696689625e-04 4.190642982236677909e-03 2.084897006087899659e-05 8.548077724960386706e-04 2.084897006087899659e-05 5.441581185889417596e-03 2.084897006087899659e-05 2.337169543824535109e-02 2.084897006087899659e-05 1.688766574931198534e-03 2.170586273038112024e-01
1.458283699432982583e-01 5.544146376328203951e-01 5.003097155381903277e-04 2.382427216848525644e-05 3.385429075141754840e-02 2.382427216848525644e-05 5.026921427550389357e-03 1.527135845999904630e-02 2.382427216848525644e-05 7.385524372230428854e-04 3.120979654071568462e-03 2.382427216848525644e-05 1.955972745032639321e-02 2.215895554390813482e-01
1.513669115569369061e-01 2.597838372421586509e-02 1.766035603277761108e-05 1.766035603277761108e-05 1.766035603277761108e-05 1.766035603277761108e-05 8.078023452952807215e-01 1.766035603277761108e-05 1.766035603277761108e-05 1.766035603277761108e-05 1.766035603277761108e-05 5.315767165866061225e-03 1.766035603277761108e-05 9.377649053404910756e-03
1.516390565772848253e-01 2.367506668538536252e-01 1.754878562403481301e-05 1.721535869717814859e-02 7.563526603959004439e-03 1.754878562403481301e-05 1.754878562403481301e-05 4.515478028920397180e-01 1.930366418643829601e-04 1.754878562403481301e-05 1.754878562403481301e-05 1.754878562403481301e-05 1.421451635546819824e-03 1.335638073845289708e-01
1.655793621882967575e-05 9.207868331291182984e-02 1.655793621882967575e-05 1.655793621882967575e-05 1.655793621882967575e-05 1.655793621882967575e-05 1.655793621882967575e-05 8.989469152564819598e-01 1.655793621882967575e-05 1.655793621882967575e-05 1.655793621882967575e-05 1.655793621882967575e-05 1.655793621882967575e-05 8.792264132198558679e-03
4.006031248515933285e-01 5.439996200788337066e-02 2.374507289737379662e-05 5.722562568267085779e-03 2.374507289737379662e-05 1.923350904687277452e-03 1.685900175713539581e-03 2.374507289737379662e-05 4.060407465450919379e-03 2.374507289737379662e-05 6.197464026214561522e-03 3.357790758417628640e-01 6.197464026214561522e-03 1.833357078406230856e-01
1.353700335758253881e-01 3.165221040850587416e-03 3.672355903749300308e-04 7.537073307218801650e-03 2.815472859541130399e-03 1.748740906547285764e-05 2.465724678231672948e-03 1.748740906547285764e-05 1.748740906547285764e-05 1.748740906547285764e-05 1.748740906547285764e-05 1.748740906547285764e-05 1.173405148293228673e-02 8.364402630106323455e-01
1.396320528600117072e-01 7.997344043531776636e-01 3.238971302714258954e-05 3.238971302714258954e-05 3.238971302714258954e-05 3.238971302714258954e-05 3.238971302714258954e-05 3.238971302714258954e-05 3.238971302714258954e-05 3.238971302714258954e-05 3.238971302714258954e-05 4.408239942994106320e-02 1.651875364384271802e-03 1.460776057524130686e-02
3.750415075543747645e-01 2.075377718744811153e-05 2.075377718744811153e-05 2.282915490619292099e-04 2.075377718744811153e-05 5.819566661132323793e-01 2.096131495932259010e-03 2.075377718744811153e-05 3.548895899053626946e-03 2.075377718744811153e-05 2.718744811555702350e-03 2.282915490619292099e-04 2.075377718744811153e-05 3.405694836460234493e-02
2.696260716868092988e-01 2.582377853527529306e-05 4.932341700237580402e-03 2.582377853527529306e-05 5.422993492407811441e-04 6.866800950315051777e-01 2.582377853527529306e-05 1.575250490651792677e-03 6.223530627001345496e-03 2.582377853527529306e-05 9.838859621939885156e-03 1.317012705299039658e-03 2.582377853527529306e-05 1.913541989463898862e-02
2.434057275966017841e-01 7.366744313510550923e-02 2.757604823239243573e-03 1.712798026856672873e-05 1.884077829542340262e-04 9.780076733351602061e-03 1.712798026856672873e-05 6.525760482323924097e-03 1.712798026856672873e-05 9.608796930665935987e-03 1.884077829542340262e-04 6.258735269936968049e-01 1.712798026856672873e-05 2.793573581803233258e-02
2.197278628495339392e-01 5.307506657789614474e-02 2.101364846870839177e-03 5.638315579227696703e-03 5.249459054593874630e-01 2.080559254327563390e-05 2.080559254327563390e-05 6.470539280958722411e-03 2.080559254327563390e-05 2.080559254327563390e-05 2.080559254327563390e-05 1.202771304926764512e-01 2.080559254327563390e-05 6.763898135818909030e-02
6.853627099528736277e-01 1.512466266564626606e-02 2.013936440165948013e-05 4.249405888750150233e-03 7.068916904982476719e-03 3.041044024650581181e-03 1.631288516534417721e-03 3.041044024650581181e-03 2.013936440165948013e-05 2.163169130382244232e-01 8.257139404680384617e-04 2.013936440165948013e-05 2.013936440165948013e-05 6.325774358561242483e-02
7.357868316600515435e-01 9.076581835162271170e-03 2.918515059537707973e-05 2.918515059537707973e-05 6.128881625029186913e-04 2.918515059537707973e-05 2.918515059537707973e-05 2.918515059537707973e-05 2.918515059537707973e-05 2.918515059537707973e-05 2.390555685267336528e-01 2.918515059537707973e-05 3.210366565491479143e-04 1.491361195423768736e-02
2.178264046768430551e-01 2.232867814225397425e-04 2.029879831113997628e-05 2.029879831113997628e-05 1.849220526144851676e-02 6.891645014615132014e-01 2.029879831113997628e-05 2.029879831113997628e-05 1.035238713868138604e-03 2.029879831113997628e-05 1.035238713868138604e-03 2.782965248457290250e-02 2.029879831113997628e-05 4.427167911659628252e-02
5.539538535351332671e-01 7.436646748375279163e-03 6.760587953068434913e-04 2.398918305927509338e-04 2.180834823570463127e-05 4.579753129497972125e-04 2.180834823570463127e-05 2.180834823570463127e-05 1.790683473633707112e-01 2.180834823570463127e-05 3.293060583591399162e-03 2.180834823570463127e-05 2.180834823570463127e-05 2.547433157412657412e-01
4.883892651627032011e-01 1.138412181086724401e-01 5.117889698019047542e-03 2.546213780108978796e-05 1.224728828232418860e-02 5.347048938228856014e-04 3.004786881906605367e-01 2.546213780108978796e-05 7.893262718337834809e-04 2.546213780108978796e-05 2.546213780108978796e-05 2.571675917910068530e-03 5.347048938228856014e-04 7.539339002902686881e-02
2.968101887012911666e-01 3.213179879651809111e-04 2.921072617865281041e-05 2.921072617865281041e-05 2.366068820470877253e-03 6.689548402173279840e-01 9.055325115382371328e-04 2.921072617865281041e-05 6.134252497517090220e-04 2.921072617865281041e-05 1.197639773324765027e-03 2.921072617865281041e-05 2.921072617865281041e-05 2.865572238125840485e-02
1.476799927641100074e-01 1.990095875542692017e-01 1.720785094066570181e-02 2.679766642547033451e-01 2.509949348769898846e-03 2.261215629522431430e-05 2.261215629522431430e-05 2.283827785817655730e-03 2.261215629522431430e-05 2.261215629522431430e-05 4.748552821997106409e-04 1.094654486251809139e-01 8.459207670043417115e-02 1.687092981186686103e-01
4.957735758352694311e-01 2.514021312394839058e-01 9.234035734316158039e-03 3.587452928451245054e-02 5.027642015864112676e-03 2.003044627834307635e-05 1.196017947279865157e-01 2.003044627834307635e-05 2.203349090617738365e-04 7.030686643698419620e-03 2.003044627834307635e-05 1.964986779905455658e-02 2.003044627834307635e-05 5.610528002563895666e-02
2.561589265122129477e-01 4.810252647027988826e-01 1.747213194954047789e-05 1.259740713561868439e-02 1.747213194954047789e-05 1.747213194954047789e-05 1.747213194954047789e-05 6.307439633784112619e-03 1.747213194954047789e-05 1.747213194954047789e-05 1.747213194954047789e-05 1.065800048921969117e-03 2.605094873676485137e-02 2.166719083062514650e-01
1.749775700051943439e-01 3.005855409170326564e-01 2.361052084808991060e-05 5.217925107427870413e-03 5.926240732870568205e-03 2.361052084808991060e-05 1.135666052793124665e-02 2.597157293289890641e-04 1.912452188695282738e-03 1.440241771733484499e-03 2.361052084808991060e-05 2.146432450299853856e-01 4.630023138310431635e-02 2.373093450441516872e-01
4.710156793711876566e-01 1.393949318377205558e-02 2.046915298644942294e-05 6.161215048921276152e-03 2.046915298644942294e-05 6.161215048921276152e-03 2.681459041224874395e-03 3.310066729438735922e-01 2.046915298644942294e-05 2.046915298644942294e-05 2.046915298644942294e-05 7.289065378474639256e-02 5.956523519056781957e-03 9.008474229336391192e-02
1.145583133173205398e-01 2.804465794858108929e-02 2.446401565697002545e-04 5.711458055333156203e-01 3.358242149274975625e-03 2.224001423360911405e-05 4.670402989057913408e-04 4.670402989057913408e-04 8.473445423005071531e-03 1.136464727337425581e-02 2.224001423360911405e-05 2.446401565697002545e-04 5.804643714971978279e-03 2.557824037007383478e-01
5.087904797445783611e-01 5.268068167682545683e-02 7.691669776506196952e-03 8.500228054899030498e-04 2.073226354853422370e-05 2.280548990338764743e-04 3.416884355433925102e-01 2.073226354853422370e-05 2.073226354853422370e-05 2.073226354853422370e-05 2.073226354853422370e-05 6.283949081560723238e-02 2.073226354853422370e-05 2.510677115727494302e-02
5.925789860396765141e-01 1.577775856852659808e-01 4.127587846306780134e-03 6.699226347408910199e-04 5.856420452089725233e-03 2.573799541859358650e-02 2.161040757228680764e-05 2.161040757228680764e-05 1.705277261529151989e-01 2.161040757228680764e-05 2.161040757228680764e-05 2.161040757228680764e-05 2.161040757228680764e-05 4.259411332497729102e-02
2.283805031446540790e-01 3.726789457921533821e-02 3.949535789158430989e-03 1.853286912249176577e-01 5.821353698712190133e-03 1.871817909553758711e-05 1.871817909553758711e-05 7.674453429170409631e-04 2.826445043426175762e-03 1.871817909553758711e-05 1.871817909553758711e-05 8.629080563042828417e-03 3.925389338125187533e-01 1.344152440850554242e-01
3.503695464982778396e-01 2.958345292766934587e-01 1.793915040183697283e-05 4.002224454649828261e-02 1.275473593570608521e-02 1.793915040183697283e-05 7.355051664753157505e-04 2.350028702640642817e-03 7.911165327210104015e-03 1.793915040183697283e-05 6.117250287026407274e-03 1.793915040183697283e-05 5.257964982778416674e-02 2.312535878300803760e-01
1.049107142857143155e-01 8.008500489236792808e-01 3.057729941291586313e-05 3.057729941291586313e-05 5.228718199608612012e-03 3.057729941291586313e-05 3.057729941291586313e-05 6.421232876712330579e-04 3.057729941291586313e-05 3.057729941291586313e-05 3.057729941291586313e-05 3.057729941291586313e-05 3.057729941291586313e-05 8.809319960861060339e-02
1.881288842852914533e-01 5.752441550754660259e-03 1.849659662622077269e-05 6.488791062444507762e-01 1.849659662622077269e-05 1.849659662622077269e-05 1.849659662622077269e-05 1.849659662622077269e-05 1.849659662622077269e-05 1.849659662622077269e-05 1.849659662622077269e-05 5.567475584492452383e-03 4.921944362237347381e-02 1.023046759396270822e-01
6.467604712041883364e-01 2.571054599850411447e-04 2.337322363500373920e-05 2.571054599850411447e-04 2.337322363500373920e-05 2.337322363500373920e-05 7.245699326851158745e-04 2.571054599850411447e-04 2.337322363500373920e-05 1.425766641735227861e-03 3.424410994764397476e-01 1.192034405385190496e-03 2.337322363500373920e-05 6.567875841436050105e-03
6.087957979937140829e-01 4.027640246265121876e-02 1.035432901364790811e-02 2.152667154604554834e-05 2.389460541611055852e-03 2.152667154604554834e-05 1.989279717570069106e-01 2.152667154604554834e-05 3.681060834373789132e-03 8.825935333878673870e-04 2.152667154604554834e-05 3.963060231626985147e-02 5.187927842596977597e-03 8.978774701855599116e-02
3.947405012688148251e-01 1.164702610630235780e-01 3.841206938505926406e-03 1.305315118017172024e-02 1.600792574825320169e-02 1.738102687106754058e-05 2.233635763200889079e-01 1.738102687106754058e-05 1.738102687106754058e-05 1.738102687106754058e-05 1.738102687106754058e-05 1.852991274724510029e-01 1.738102687106754058e-05 4.711996384746409972e-02
7.924760540685701349e-01 2.237937516784530733e-05 2.237937516784530733e-05 2.237937516784530733e-05 2.237937516784530733e-05 2.237937516784530733e-05 1.927087995703159473e-01 2.237937516784530733e-05 2.237937516784530733e-05 2.237937516784530733e-05 2.461731268462984145e-04 2.461731268462984145e-04 2.237937516784530733e-05 1.412138573091038796e-02
1.941122952950351255e-01 5.705961355168529536e-01 1.453513560350056313e-02 2.166190104843601324e-05 6.890650723507496522e-02 1.104756953470236499e-03 9.119660341391560773e-03 5.653756173641799956e-03 2.166190104843601324e-05 8.881379429858764479e-04 2.166190104843601324e-05 9.336279351875921909e-03 1.930075383415648729e-02 1.063815960488692647e-01
5.719985707479753601e-02 8.891436398284899845e-01 2.977608384945212882e-05 3.275369223439734035e-04 2.977608384945212882e-05 2.977608384945212882e-05 2.977608384945212882e-05 2.977608384945212882e-05 2.977608384945212882e-05 2.977608384945212882e-05 2.977608384945212882e-05 9.230585993330159798e-04 2.977608384945212882e-05 5.213792282039067527e-02
2.420389966686263272e-01 4.705565353713501986e-02 3.208896727415246238e-03 1.494219086811679345e-03 2.694493435234176669e-04 2.449539486576523967e-05 1.004311189496374674e-03 2.449539486576523967e-05 2.449539486576523967e-05 2.449539486576523967e-05 2.449539486576523967e-05 2.449539486576523967e-05 5.271653929061336230e-01 1.776161081716637613e-01
5.400755811398690875e-01 4.330535659357560851e-02 9.689326361119656589e-03 2.197126158984049081e-05 2.219097420573889253e-03 2.219097420573889253e-03 2.197126158984049081e-05 2.197126158984049081e-05 2.203937250076899723e-01 2.197126158984049081e-05 6.811091092850552354e-04 9.008217251834600486e-04 1.078788944061168098e-02 1.696401107351584447e-01
7.851945680030635033e-02 4.565941025716558125e-04 1.472884201844051057e-05 5.906265649394643914e-03 2.665920405337732137e-03 1.472884201844051057e-05 1.472884201844051057e-05 4.727958287919403584e-03 1.472884201844051057e-05 1.487613043862491373e-03 1.472884201844051057e-05 1.472884201844051057e-05 3.093056823872507169e-04 9.058385129761098442e-01
3.843039149945840505e-01 1.947439005519162880e-01 2.579047815546500953e-05 3.126063857223913556e-01 2.862743075256615668e-03 2.604838293701965905e-03 2.579047815546500953e-05 1.266312477433331925e-02 2.579047815546500953e-05 2.579047815546500953e-05 2.579047815546500953e-05 2.579047815546500953e-05 2.579047815546500953e-05 9.003455924072835403e-02
5.533774780958531370e-01 1.677635563451366010e-02 2.018815359147251818e-05 1.475754027536640978e-02 1.132555416481608249e-02 2.018815359147251818e-05 2.828562199701214475e-01 2.018815359147251818e-05 2.018815359147251818e-05 2.018815359147251818e-05 1.837121976823999012e-03 1.213308030847498435e-02 2.240885048653449511e-03 1.045948237574191170e-01
6.906394395588016932e-01 1.266954836786406483e-03 2.484225170169424701e-05 2.484225170169424701e-05 1.763799870820291450e-03 2.484225170169424701e-05 2.484225170169424701e-05 2.484473592686441690e-01 2.484225170169424701e-05 8.719630347294681644e-03 7.701098027525216235e-04 5.216872857355792483e-04 2.484225170169424701e-05 4.772196551895464822e-02
3.994679361523381655e-01 1.962235468256190093e-02 2.000240028803456011e-05 5.020602472296674737e-03 4.820578469416328567e-03 1.828419410329238937e-01 2.000240028803456011e-05 2.020242429091490422e-03 2.464495739488737625e-01 2.702324278913468755e-02 2.000240028803456011e-05 2.962355482657917996e-02 2.000240028803456011e-05 8.302996359563145912e-02
6.475173954127650955e-01 2.085301950004294844e-02 2.147581822867451257e-05 2.147581822867451257e-05 2.147581822867451257e-05 2.321535950519714245e-02 2.147581822867451257e-05 2.147581822867451257e-05 2.147581822867451257e-05 9.256077656558713354e-03 2.568722618331757968e-01 2.147581822867451257e-05 2.147581822867451257e-05 4.211407954643071189e-02
5.709088412959912873e-01 8.445451217279884015e-02 2.516932088596009914e-04 2.288120080541827318e-05 2.288120080541827318e-05 1.214991762767710266e-02 2.576652022698150968e-01 2.288120080541827318e-05 2.516932088596009914e-04 2.288120080541827318e-05 1.166941241076331756e-03 2.427695405454878205e-02 2.311001281347245008e-03 4.647171883580450413e-02
3.111008457110368483e-02 1.138867173619500898e-02 8.796460805912870162e-02 6.946912088693055903e-03 1.050031980669462010e-02 2.512436927013004806e-01 1.458673868239641555e-02 5.507781962902423382e-04 6.236230545092743237e-03 1.776703859000781802e-05 3.215833984791415055e-03 5.408464217184278944e-01 9.256627105394071853e-03 2.613531376590149530e-02
6.217771639042355414e-01 1.521639042357273985e-01 2.092750711535241445e-05 2.092750711535241445e-05 2.092750711535241445e-05 2.092750711535241445e-05 2.302025782688765657e-04 2.092750711535241445e-05 4.394776494224006966e-04 1.908797923991293610e-01 2.092750711535241445e-05 2.092750711535241445e-05 2.092750711535241445e-05 3.434203917629331110e-02
4.416846652267818474e-01 2.203905320227443433e-05 9.278441398157536574e-03 2.203905320227443433e-05 1.785163309384228941e-03 2.424295852250187607e-04 3.989068629611672821e-03 2.424295852250187607e-04 1.302508044254419017e-02 4.209459161634417253e-03 2.203905320227443433e-05 4.388195883104861750e-01 7.735707673998325554e-03 7.892184951734475262e-02
5.568549761417859179e-01 2.130197682344921357e-05 2.130197682344921357e-05 2.130197682344921357e-05 2.343217450579413764e-04 2.130197682344921357e-05 2.130197682344921357e-05 2.939885821404225608e-01 7.476993865030674181e-03 2.238837764144512368e-02 2.130197682344921357e-05 2.343217450579413764e-04 2.130197682344921357e-05 1.186733128834355777e-01
6.927207896682174848e-01 6.394312301604557214e-02 2.174196634343609824e-05 2.391616297777971010e-04 2.174196634343609824e-05 2.391616297777971010e-04 2.174196634343609824e-05 5.655085445927729437e-02 2.174196634343609824e-05 3.717876244727573009e-03 1.065573770491803213e-01 2.174196634343609824e-05 2.174196634343609824e-05 7.590120450493542670e-02
5.083285605192822132e-01 9.784268804887360799e-04 2.386407025582283758e-05 2.386407025582283758e-05 5.011454753722795587e-04 1.217067583046964503e-03 2.386407025582283758e-05 3.126193203512791455e-03 3.119272623138602540e-01 2.386407025582283758e-05 2.386407025582283758e-05 5.011454753722795587e-04 2.386407025582283758e-05 1.732770141275296050e-01
5.515955142705876169e-01 5.053665110458679900e-04 2.647157915002165533e-04 2.406507195456514367e-05 2.406507195456514367e-05 2.406507195456514367e-05 2.406507195456514367e-05 2.406507195456514367e-05 2.406507195456514367e-05 2.406507195456514367e-05 4.406555325600422512e-01 2.406507195456514367e-05 2.406507195456514367e-05 6.762285219232805344e-03
2.630906501340482539e-01 1.485212801608579158e-01 5.676105898123324708e-03 1.728175268096514838e-01 1.112181635388739993e-02 2.094504021447721558e-05 2.094504021447721558e-05 1.696548257372654201e-03 2.094504021447721558e-05 9.238857238605899247e-02 2.303954423592493748e-04 2.347939008042895445e-02 9.406417560321717053e-02 1.868507037533512216e-01
4.728332732299553864e-01 1.859398164843530377e-01 1.757222422566814546e-01 1.284208839203429368e-02 2.003445926994429832e-05 4.207236446688302715e-04 2.203790519693873018e-04 2.003445926994429832e-05 2.003445926994429832e-05 2.003445926994429832e-05 3.225547942461032443e-03 7.855511479745160008e-02 2.003445926994429832e-05 7.014064190407499899e-02
7.190012404097944065e-01 2.549731244544493122e-03 2.297055175265309314e-05 2.297055175265309314e-05 2.297055175265309314e-05 2.297055175265309314e-05 3.011439334772820012e-02 3.238847797124085916e-03 2.297055175265309314e-05 2.076767583957365992e-01 4.157669867230209641e-03 7.120871043322458873e-04 2.297055175265309314e-05 3.241144852299351203e-02
3.609913381920859532e-01 1.907887205708398094e-05 1.907887205708398094e-05 1.907887205708398094e-05 2.098675926279237869e-04 6.048193230816192312e-01 1.907887205708398094e-05 2.098675926279237869e-04 1.907887205708398094e-05 1.907887205708398094e-05 4.006563131987635759e-04 3.453275842332200526e-03 1.907887205708398094e-05 2.978211928110809092e-02
4.987234185507439799e-01 1.261632008600127308e-01 2.161957872812173831e-01 5.207108543017434626e-04 1.679712433231430623e-05 1.679712433231430623e-05 1.847683676554573516e-04 1.847683676554573516e-04 1.679712433231430623e-05 1.679712433231430623e-05 2.218900124298719273e-02 1.679712433231430623e-05 1.679712433231430623e-05 1.357375617294318826e-01
5.178879227793310447e-01 5.594285057647373216e-02 8.446010648485078459e-03 1.915195158386639188e-05 1.915195158386639188e-05 1.915195158386639188e-05 1.915195158386639188e-05 1.915195158386639188e-05 2.271612977362392483e-01 1.915195158386639188e-05 1.915195158386639188e-05 1.141647833914275628e-01 2.106714674225303174e-04 7.605239973953344113e-02
3.625956000377679178e-01 7.532338778207912922e-02 3.283448210744972090e-02 4.957038995373430580e-04 2.596544235671797074e-04 7.813237654612408337e-03 1.229817769804551243e-02 3.094608629968841756e-02 2.360494759701633642e-05 9.678028514776697592e-04 5.974412236804834547e-02 4.102775941837409346e-01 2.360494759701633642e-05 6.396940798791427366e-03
1.167887769544583842e-01 8.469527932728330155e-01 4.370993256181832250e-04 2.289567896095245426e-04 2.041878278244941419e-02 2.081425360086586689e-05 2.289567896095245426e-04 2.081425360086586689e-05 2.081425360086586689e-05 2.081425360086586689e-05 2.081425360086586689e-05 1.479893431021563066e-02 2.081425360086586689e-05 2.081425360086586689e-05
2.439412101944024858e-01 1.566164590608224577e-02 1.850211080419033888e-03 1.201334236722781217e-02 2.605931099181738029e-05 2.605931099181738029e-05 2.605931099181738029e-05 2.605931099181738029e-05 2.371397300255381237e-03 5.472455308281649758e-04 2.866524209099911933e-04 5.034919476729035059e-01 8.002814405587117819e-02 1.397039662271329641e-01
4.748192941843435988e-01 4.960551802333821670e-04 2.362167524920867655e-05 2.362167524920867655e-05 9.472291774932679528e-03 1.117541456040062470e-01 2.598384277412954827e-04 9.684886852175556438e-04 2.889167099730712840e-01 2.362167524920867655e-05 2.362167524920867655e-05 3.474748429158595886e-02 2.362167524920867655e-05 7.844758350262201474e-02
3.905065005417118207e-01 1.487676056338028407e-01 3.002211989888046162e-01 6.997110870350307628e-04 2.257132538822680110e-05 1.151137594799566581e-03 6.568255687973998357e-03 2.257132538822680110e-05 2.257132538822680110e-05 2.257132538822680110e-05 2.257132538822680110e-05 2.279703864210906507e-03 2.505417118093174363e-03 1.471876128566269593e-01
4.919245253717434707e-01 4.932639670769109475e-02 1.941219862561633402e-05 1.941219862561633402e-05 7.784291648872149194e-03 1.941219862561633402e-05 3.979694840237604225e-01 1.941219862561633402e-05 1.941219862561633402e-05 1.941219862561633402e-05 1.941219862561633402e-05 1.941219862561633402e-05 1.941219862561633402e-05 5.282059246030204602e-02
2.401797055087735999e-01 2.333584231076822058e-01 1.133979395022816222e-01 4.963070988380298594e-03 1.013783694782895151e-02 2.352166345203932988e-05 1.272521992755327840e-02 1.670038105094792452e-03 2.140471374135578982e-03 2.352166345203932988e-05 2.660300136425648027e-02 3.436515030342945920e-02 6.609587430023051990e-03 3.138025121136566731e-01
3.440641130127681802e-01 1.940466488143749324e-05 1.940466488143749324e-05 1.940466488143749324e-05 1.940466488143749324e-05 5.922497768463537149e-01 2.134513136958124358e-04 1.940466488143749324e-05 1.940466488143749324e-05 1.940466488143749324e-05 1.940466488143749324e-05 1.940466488143749324e-05 1.940466488143749324e-05 6.327861217836766583e-02
4.558837252706233745e-01 1.544652855543113268e-01 2.822881672265771004e-03 6.089025755879060378e-03 1.423105636431504315e-03 2.332960059723777882e-05 2.165220231429638154e-01 7.232176185143710792e-04 3.756065696155282563e-03 2.332960059723777882e-05 2.332960059723777882e-05 4.689249720044793256e-03 2.332960059723777882e-05 1.535321015304218217e-01
6.350705347518397215e-01 2.835450157004265701e-03 1.429441814688100880e-03 2.343347237193608239e-05 2.343347237193608239e-05 2.343347237193608239e-05 2.955195200824858870e-01 2.343347237193608239e-05 2.343347237193608239e-05 2.343347237193608239e-05 4.921029198106576658e-04 2.343347237193608239e-05 2.343347237193608239e-05 6.446548249519616636e-02
2.750388839138427355e-01 4.338502144506764524e-02 2.356600838949899645e-05 1.908846679549418323e-03 5.328510156949617382e-01 2.356600838949899645e-05 5.679408021869257646e-03 2.356600838949899645e-05 2.356600838949899645e-05 2.592260922844889575e-04 2.356600838949899645e-05 9.240231889522555753e-02 2.356600838949899645e-05 4.833388320686243800e-02
6.676866585067317006e-01 2.864531922454296997e-02 1.974177754965056726e-05 1.974177754965056726e-05 1.974177754965056726e-05 1.974177754965056726e-05 1.796501757018201424e-03 1.974177754965056726e-05 1.974177754965056726e-05 1.824337663363208850e-01 1.974177754965056726e-05 1.974177754965056726e-05 6.119951040391675241e-04 1.186678248509495520e-01
5.413858502387643989e-01 1.693365394384800161e-05 3.097334642869237209e-01 6.942798116977679304e-04 1.693365394384800161e-05 1.693365394384800161e-05 2.387645206082567983e-03 1.693365394384800161e-05 1.693365394384800161e-05 1.693365394384800161e-05 1.693365394384800161e-05 1.965997222880752626e-02 1.356385680902224590e-02 1.124563958410945697e-01
3.279058421758750952e-01 9.230800504126521200e-02 2.866203195511647997e-03 3.510793999268203569e-01 8.354677399682888805e-03 2.032768223767126434e-05 7.338293287799326110e-03 1.038744562345001593e-02 2.032768223767126434e-05 2.197422449892263291e-02 6.301581493678091572e-04 8.151400577306176440e-03 1.201366020246371659e-02 1.569500345570598310e-01
3.498140234251345682e-01 3.970995568217790539e-01 1.978474200696423243e-05 2.930120291231402482e-02 4.965970243748021873e-03 8.111744222855333739e-04 1.978474200696423243e-05 1.978474200696423243e-05 1.978474200696423243e-05 3.185343463121241211e-03 1.978474200696423243e-05 1.978474200696423243e-05 5.541706236150681364e-02 1.592869578980690148e-01
2.573297248534053838e-01 1.047689342682576498e-02 2.050272686267273013e-05 2.255299954894000349e-04 2.255299954894000349e-04 6.669742075696065697e-01 6.355845327428546240e-04 2.255299954894000349e-04 1.642268421700085468e-02 2.050272686267273013e-05 2.050272686267273013e-05 3.300939024890309562e-03 2.255299954894000349e-04 4.389633821298231237e-02
5.745357240874576776e-01 3.958924160644040208e-02 2.563809349556307737e-02 4.802854267679078511e-04 2.767358887567468884e-03 2.287073460799561196e-05 4.802854267679078511e-04 2.287073460799561196e-05 6.197969078766811003e-03 1.166407465007776156e-03 1.937379928643308269e-01 2.287073460799561196e-05 4.597017656207118275e-03 1.507410118012990630e-01
5.604628778929869881e-01 4.355339720873256659e-02 4.593778711116946220e-04 3.699085619285121668e-02 2.187513671960450613e-05 2.187513671960450613e-05 2.187513671960450613e-05 2.275232970206064187e-01 2.187513671960450613e-05 2.187513671960450613e-05 4.593778711116946220e-04 1.817823861399133975e-02 2.187513671960450613e-05 1.122413265082907174e-01
2.291998804304504200e-01 3.330759266640095917e-01 7.722200079713035245e-04 2.740135512156238523e-04 4.461438820247111414e-02 2.491032283778398565e-05 2.491032283778398565e-05 2.491032283778398565e-05 3.460292945396573061e-01 2.765045834994022105e-03 2.491032283778398565e-05 8.992626544440017466e-03 2.491032283778398565e-05 3.415205261060184211e-02
2.485407686781608561e-01 1.843121408045976517e-02 2.244971264367816061e-05 2.267420977011493869e-03 2.244971264367816061e-05 2.244971264367816061e-05 2.244971264367816061e-05 2.244971264367816061e-05 2.244971264367816061e-05 2.244971264367816061e-05 2.244971264367816061e-05 6.611664870689654139e-01 2.244971264367816061e-05 6.939206178160919891e-02
5.597677753619835217e-01 2.798723227089790037e-03 2.312994402553545544e-05 2.544293842808900133e-04 9.737706434750427117e-03 1.459499468011287229e-02 2.312994402553545544e-05 2.312994402553545544e-05 2.312994402553545544e-05 2.312994402553545544e-05 3.823611046861266072e-01 2.312994402553545544e-05 2.312994402553545544e-05 3.032335661747698197e-02
6.070244617370972318e-01 2.285654464877690840e-03 1.744774400669993171e-05 1.744774400669993171e-05 1.641832711030463340e-02 1.022612276232682943e-01 1.744774400669993171e-05 5.408800642076978457e-04 1.514638657221620832e-01 1.744774400669993171e-05 1.744774400669993171e-05 3.770457479847854482e-02 1.919251840736992251e-04 8.202184457549636931e-02
4.767236452434146510e-01 3.922689250272770427e-03 2.597807450511768643e-05 2.597807450511768643e-05 2.623785525016886309e-03 4.289239881539980703e-01 2.857588195562945710e-04 2.597807450511768643e-05 3.847352834207928840e-02 2.597807450511768643e-05 2.597807450511768643e-05 2.857588195562945710e-04 2.597807450511768643e-05 4.860497739907519016e-02
6.283183681436658174e-01 1.476429826273668033e-01 1.000390396252196076e-03 5.123950810072224306e-04 7.832324809681828412e-03 2.439976576224868701e-05 2.439976576224868701e-05 2.439976576224868701e-05 2.439976576224868701e-05 1.613068514542260468e-01 2.439976576224868701e-05 4.172359945344525367e-03 2.439976576224868701e-05 4.906792894788210291e-02
2.243887447070073149e-01 5.467490779948095403e-01 1.642535172790602835e-02 1.058598552110367845e-03 3.896325638573966410e-02 1.058598552110367845e-03 3.414834039065702551e-05 3.414834039065702551e-05 3.756317442972272806e-04 3.414834039065702551e-05 3.414834039065702551e-05 3.414834039065702551e-05 3.756317442972272806e-04 1.704343668897692066e-01
3.631206002223045792e-01 1.107123008521674890e-01 2.315672471285661670e-05 2.107261948869951825e-03 1.391719155242682540e-02 1.461189329381252545e-02 6.507039644312709141e-03 8.128010374212672751e-03 2.315672471285661670e-05 1.183308632826973045e-02 1.180992960355687401e-03 2.315672471285661670e-05 2.408530937384216475e-01 2.269590589107076950e-01
2.894946856749011643e-01 7.710305800413538857e-02 3.168825044437189598e-01 1.180759603874197324e-02 6.910436391337469210e-03 1.106395327746943769e-03 4.189792142779411033e-03 4.733920992491022495e-03 1.813762832372039404e-05 1.813762832372039404e-05 1.813762832372039404e-05 1.995139115609243310e-04 2.920158160118983132e-03 2.845975260274966612e-01
1.531594237985716145e-01 6.902917322358068097e-02 3.056530686357583626e-03 1.727999031594237844e-02 1.939837792034862507e-02 6.355162813218739231e-04 3.026268006294637535e-05 3.026268006294637535e-05 6.355162813218739231e-04 1.543396683210264885e-03 1.846023483839728720e-03 1.576685631279505992e-02 2.726667473671468001e-02 6.903219949158696522e-01
6.527238212961327113e-01 7.087674377538406845e-02 2.207310612749426102e-05 2.207310612749426102e-05 2.207310612749426102e-05 2.207310612749426102e-05 2.008652657601977306e-03 1.591470951792335956e-02 2.207310612749426102e-05 5.098887515451173795e-03 1.717508387780328216e-01 3.333039025251633130e-03 2.207310612749426102e-05 7.816086879745717808e-02
1.500572392601072780e-01 2.521841296619871664e-01 3.012592637223595056e-05 1.123998312948123329e-01 4.247755618485268836e-03 3.012592637223595056e-05 3.012592637223595056e-05 3.012592637223595056e-05 3.012592637223595056e-05 3.012592637223595056e-05 3.012592637223595056e-05 5.452792673374707265e-03 1.946436102910164834e-01 2.808037597156112786e-01
4.330495902797400487e-01 1.766035603277762124e-05 1.502896298389375454e-02 2.262291607798813317e-02 3.726335122916078681e-03 1.767801638881039833e-02 1.608858434586041275e-02 1.783695959310539715e-03 1.573537722520486001e-02 4.609352924554959222e-03 1.766035603277762124e-05 4.118571630404069261e-01 4.079542243571630984e-03 5.370514269567674970e-02
6.902656803956753739e-01 2.188471134065741100e-05 4.595789381538056004e-04 1.116120278373527747e-03 4.595789381538056004e-04 6.784260515603797578e-04 2.188471134065741100e-05 2.146890182518491896e-02 2.407318247472315243e-04 2.359390729636275108e-01 2.188471134065741100e-05 3.961132752658991577e-03 1.116120278373527747e-03 4.422900161946862613e-02
4.251857850609756517e-01 2.829887576219512479e-01 2.381859756097561397e-05 2.381859756097561397e-05 1.098037347560975804e-02 2.381859756097561397e-05 2.381859756097561397e-05 1.376953125000000278e-01 2.381859756097561397e-05 8.360327743902440378e-03 2.381859756097561397e-05 2.381859756097561397e-05 2.381859756097561397e-05 1.345988948170731836e-01
2.355451958588122008e-01 7.900950535811589875e-03 6.084640067808925676e-03 3.027184113337774073e-05 2.000968698916268454e-02 3.027184113337774073e-05 4.119997578252709847e-02 5.742870981413090714e-01 6.357086638009325349e-04 8.809105769812922843e-03 3.027184113337774073e-05 3.393473391051644167e-02 3.027184113337774073e-05 7.147181691590484554e-02
4.692822827194642610e-01 2.630416848643664651e-01 2.426359974765856739e-05 2.426359974765856739e-05 7.521715921774155484e-04 2.426359974765856739e-05 2.426359974765856739e-05 1.992284175280244762e-01 2.426359974765856739e-05 1.652351142815548096e-02 2.426359974765856739e-05 2.426359974765856739e-05 2.426359974765856739e-05 5.097782306983063977e-02
5.944138298817881472e-01 4.601813172162473597e-02 2.222024708914762886e-05 6.157230468402808549e-02 2.222024708914762886e-05 2.222024708914762886e-05 2.222024708914762886e-05 2.222024708914762886e-05 2.222024708914762886e-05 2.046706959381388025e-01 2.222024708914762886e-05 4.244067194027197759e-03 2.222024708914762886e-05 8.890320860367967315e-02
7.805564300330549710e-01 1.084133480245553019e-02 2.164331811742483530e-04 4.545096804659215332e-03 1.967574374311348664e-05 3.758067054934675650e-03 1.967574374311348664e-05 1.967574374311348664e-05 1.090232960805918166e-01 5.353769872501179528e-02 1.967574374311348664e-05 2.184007555485596719e-03 1.987250118054461907e-03 3.327168266960490312e-02
3.286377273579598746e-01 4.530986311644478182e-01 4.526064129008063042e-02 2.578286142883930870e-04 1.664166510406900465e-03 2.510313144571535773e-02 2.697824864054003402e-02 2.343896493530845968e-05 9.164635289705607563e-03 2.343896493530845968e-05 4.008063003937746907e-03 7.992687042940184450e-03 8.461466341646354389e-03 8.932589536846054223e-02
4.562551280390377273e-01 3.476270674094225372e-03 4.376862287861120193e-01 5.419527572656214487e-03 2.159174331735543852e-05 2.159174331735543852e-05 2.159174331735543852e-05 2.159174331735543852e-05 2.375091764909098102e-04 2.159174331735543852e-05 2.159174331735543852e-05 1.533013775532235824e-03 6.436498682903656066e-02 3.089778468713562723e-02
4.817761695077821815e-01 2.748833762043859444e-02 1.244713781226838845e-02 2.179884030169595272e-05 7.433404542878319782e-03 2.179884030169595272e-05 2.182063914199764559e-02 2.179884030169595272e-05 1.765706064437372021e-03 2.179884030169595272e-05 2.179884030169595272e-05 4.224833238871691932e-01 2.201682870471290913e-03 2.247460435104852577e-02
6.487240093067915270e-01 8.328101340621190188e-03 1.357425120951360475e-01 1.903829818665287235e-02 1.846585663108911253e-05 7.571001218746535154e-04 2.419027218672673528e-03 1.846585663108911253e-05 2.973002917605347371e-03 3.935074048085089593e-02 6.112198544890495681e-03 4.634930014403367167e-03 1.386785832994792168e-02 1.180152897292905123e-01
7.456054687499997780e-01 1.295006793478260332e-03 2.122961956521738733e-05 2.122961956521738733e-05 2.122961956521738733e-05 1.931895380434781864e-03 2.167756453804347283e-01 2.122961956521738733e-05 2.122961956521738733e-05 2.122961956521738733e-05 1.912788722826086127e-02 2.122961956521738733e-05 2.122961956521738733e-05 1.509425951086955896e-02
6.089656188967090822e-01 1.273169473412683397e-02 3.869255997346794933e-04 1.842502855879426304e-05 2.229428455614105350e-03 9.783690164719752863e-03 1.842502855879426304e-05 1.842502855879426304e-05 1.479714043556767111e-01 1.842502855879426304e-05 1.842502855879426304e-05 1.350738843645207243e-01 1.273169473412683397e-02 7.003353355197698693e-02
3.327012220817530674e-01 1.231680479468090228e-01 2.975605187994568787e-02 2.109378658051224570e-02 8.685676827269749045e-03 2.341152783630660135e-05 2.130449033103900668e-03 2.130449033103900668e-03 2.575268061993726148e-04 2.832794868193098600e-03 2.341152783630660135e-05 3.989558458585007461e-01 2.577609214777356467e-02 5.246523388116308695e-02
2.255732041859992432e-01 5.589799166864226759e-02 1.693365394384800500e-05 1.540962508890168390e-03 1.879635587767128531e-03 9.838452941375690208e-03 1.693365394384800500e-05 1.693365394384800500e-05 1.862701933823280719e-04 1.693365394384800500e-05 1.693365394384800500e-05 1.693365394384800500e-05 6.125071968029262015e-01 9.247468418735395324e-02
5.627444705212998333e-01 1.335253538155180622e-02 3.733731598037123411e-04 1.015219401180570205e-02 1.777967427636725450e-05 3.415475428490149373e-02 1.777967427636725450e-05 1.777967427636725450e-05 2.478664390868358380e-01 1.777967427636725450e-05 1.777967427636725450e-05 1.955764170400398029e-04 7.149207026527272524e-02 5.957968850010667006e-02
2.276073158823750386e-01 3.569684906298118549e-02 1.877793217410899054e-05 2.272129793067187344e-03 2.084350471326097513e-03 1.877793217410899054e-05 8.468847410523153499e-03 1.877793217410899054e-05 1.877793217410899054e-05 1.877793217410899054e-05 1.877793217410899054e-05 7.698952191384684802e-04 6.149960566342435042e-01 1.079918879333007925e-01
6.438787931484217797e-01 5.327797582818884214e-02 8.499260933831839782e-03 2.393270150421701950e-02 2.173724023997913025e-05 2.173724023997913025e-05 2.173724023997913025e-05 2.195461264237892098e-03 1.521824189200939037e-01 3.934440483436222463e-03 1.806364663942265636e-02 8.912268498391442148e-04 1.045561255542996199e-02 8.262325015216068214e-02
6.566689437281187924e-01 2.819998292203910323e-02 2.134745111433694682e-05 1.515669029117923004e-03 2.134745111433694682e-05 4.077363162838357029e-03 2.134745111433694682e-05 4.186235163521474789e-02 2.134745111433694682e-05 5.785159251985312612e-03 2.060242507044658666e-01 2.134745111433694682e-05 8.752454956878146604e-04 5.488429681496029278e-02
5.945265735534192020e-01 1.122573916198077448e-01 2.494104843098132133e-04 3.196988935243969075e-03 3.196988935243969075e-03 2.267368039180119998e-05 2.267368039180119998e-05 7.028840921458371586e-04 2.267368039180119998e-05 1.829992744422274942e-01 2.267368039180119998e-05 2.267368039180119998e-05 9.772356248866317582e-03 9.298476328677672542e-02
4.399848012159025545e-01 2.038036957043435904e-01 1.421886249100071456e-02 1.019918406527477346e-03 2.001839852811774373e-02 1.999840012798975627e-05 1.021918246540276520e-02 1.999840012798975627e-05 1.752059835213182482e-01 1.999840012798975627e-05 1.999840012798975627e-05 2.041836653067754040e-02 1.999840012798975627e-05 1.150107991360690834e-01
5.770359872450271377e-01 1.420003036898314919e-01 6.605253834084123983e-03 2.530748595434530318e-05 2.783823454977983180e-04 3.115351520979906322e-02 1.194766411904641668e-01 2.530748595434530318e-05 2.556056081388875367e-03 2.530748595434530318e-05 2.530748595434530318e-05 4.962797995647113408e-02 2.530748595434530318e-05 7.113934301766464130e-02
4.014405030030029908e-01 1.668308933933934091e-01 2.346096096096096415e-05 4.246433933933934507e-03 1.128472222222222376e-02 2.346096096096096415e-05 1.175394144144144282e-02 2.346096096096096415e-05 2.346096096096096415e-05 2.346096096096096415e-05 2.346096096096096415e-05 9.621340090090091390e-02 3.239958708708708807e-02 2.756897522522522292e-01
3.782270044565784750e-01 3.093507849199020332e-02 2.007467780142129014e-05 8.092102621752922387e-02 2.373027662906010415e-01 2.007467780142129014e-05 2.007467780142129014e-05 2.830529570000401510e-03 2.007467780142129014e-05 6.727024531256274587e-02 2.007467780142129014e-05 8.112177299554343413e-02 3.232023126028827666e-03 1.180591801501586074e-01
6.249948806159643100e-01 8.395789818569029690e-04 3.296883318999058524e-03 2.887332596142032273e-03 8.395789818569029690e-04 2.459352090756440276e-02 2.047753614285129358e-05 2.047753614285129358e-05 4.300282589998772058e-04 2.273006511856493547e-03 1.496907892042429432e-02 2.047753614285129358e-05 2.680714256460662859e-01 5.674325265184093636e-02
