1.579329732461543474e-05 4.087463280583720771e-01 1.078840140244480411e-01 1.880981711361698339e-02 1.737262705707698059e-04 1.944154900660160015e-02 4.449129789317414208e-01 1.579329732461543474e-05
2.085157846448976651e-05 1.002960924141957713e-02 2.719254347554110329e-01 2.085157846448976651e-05 3.165478126694191152e-01 6.924809208057051968e-02 3.292672755327578638e-01 2.940072563493056641e-03
2.123046130385055491e-02 4.551086542127336272e-03 3.862704918032787149e-01 2.382767823103317496e-05 4.565621425848265802e-01 9.078345406023638139e-03 1.222598170034312065e-01 2.382767823103317496e-05
8.633473453671975939e-01 1.766222756013988165e-05 2.156557985093079596e-02 1.766222756013988165e-05 1.766222756013988165e-05 1.766222756013988165e-05 1.107598290296371996e-01 4.256596841993711376e-03
8.266348415177785999e-03 4.756221699603354995e-03 7.917266313313909842e-01 1.072343711607988935e-02 8.829723753027482469e-02 1.755063357787215963e-05 8.689318684404505333e-02 9.319386429850116255e-03
6.789428363250975870e-04 1.655958137378287095e-05 9.896171424786381898e-01 1.655958137378287095e-05 9.621116778167848604e-03 1.655958137378287095e-05 1.655958137378287095e-05 1.655958137378287095e-05
2.374845635033723259e-05 2.709698869573478122e-02 1.726750261233020167e-01 5.960862543934645520e-03 3.778379405338653380e-02 1.807257528260663298e-02 3.985228460150090912e-01 3.398641588296761329e-01
7.170590087096433921e-04 4.164189023750392710e-02 8.429990555808176689e-01 1.923816852635628944e-04 1.748924411486935218e-05 1.748924411486935218e-05 1.140473608730630528e-01 3.672741264122564298e-04
3.239600881171439883e-05 1.004276273163146310e-03 2.724504341065180774e-02 3.239600881171439883e-05 7.985940132175716188e-01 3.239600881171439883e-05 1.283205909032007486e-01 4.473888816897758636e-02
4.358835983228860557e-04 2.075636182489933599e-05 3.655195317364772628e-02 6.476192452986840875e-01 2.283199800738926958e-04 1.888828926065839412e-03 3.130266926813068395e-01 2.283199800738926958e-04
2.350328012810579039e-03 2.582778036055581559e-05 2.249599669404411459e-02 7.565215145410403297e-01 2.582778036055581559e-05 3.383439227232811798e-03 2.123301823441293701e-01 2.866883620021695635e-03
4.813457124259139588e-03 5.310219603275207487e-04 6.339717016684368045e-02 2.142930556031381883e-02 3.598958511768132057e-02 1.712974065572647587e-05 2.379492274486964543e-01 6.358731028812224517e-01
1.208955845020600293e-02 2.080819010362479213e-05 1.852137001123642657e-01 2.288900911398727067e-04 3.893212368388197786e-02 4.369719921761205873e-04 1.421407465978609397e-01 6.209372008822673372e-01
1.432081856268127215e-02 4.854173380599418990e-03 9.347808572349337874e-02 3.847083467611988033e-03 7.472607154366740778e-03 1.270947470190138262e-02 8.502054463422493713e-01 1.311231066709635414e-02
1.488703368556249613e-03 2.919026212855391943e-05 1.462432132640551288e-02 9.048981259851714143e-04 8.786268900694728726e-03 2.598225232062584267e-01 7.143149045478428549e-01 2.919026212855391943e-05
6.293393966462302105e-04 2.030127085955581390e-05 4.894636404238905669e-02 7.507612976572334285e-01 4.892606277152950628e-03 6.293393966462302105e-04 1.620244427301149315e-01 3.209630922895773814e-02
4.560722387017972917e-02 2.181120223346711285e-05 3.867344268016053577e-01 2.181120223346711285e-05 2.399232245681382414e-04 1.049118827429768204e-02 5.531538998429593734e-01 3.729715581922876406e-03
3.585871447489050179e-01 2.546602831822349496e-05 8.508200061118470492e-02 1.097585820515432735e-02 1.072374452480391455e-01 2.546602831822349496e-05 4.283640623408374037e-01 9.702556789243151070e-03
2.921584667523665241e-05 2.921584667523665241e-05 3.538039032371158299e-02 7.210763117915157672e-01 2.921584667523665241e-05 2.921584667523665241e-05 2.433972186513965463e-01 2.921584667523665241e-05
6.807182595323172866e-03 3.270387624949115946e-01 2.603238500158306934e-01 2.261522456917997628e-05 1.768736713555565943e-01 2.261522456917997628e-05 9.545886290650867911e-02 1.334524401827310303e-01
1.757081613846708801e-01 2.706438559237149197e-02 7.434192075003007161e-02 6.210184702912778000e-04 2.207820826154894278e-01 2.003285388036379945e-05 4.659842141111423253e-01 3.547818422212428713e-02
1.747396379394702197e-05 5.960369050115329331e-02 2.423813517858391109e-01 1.747396379394702197e-05 4.728629342280002978e-01 1.747396379394702197e-05 2.250821276298315687e-01 1.747396379394702197e-05
1.676584490412770133e-03 5.953055634268442087e-02 3.497449702465287302e-01 2.361386606215169439e-05 2.193964295834514022e-01 2.361386606215169439e-05 1.716964201379049815e-01 1.979078114668933464e-01
2.047166721257779768e-05 1.762610547002948017e-02 9.009580740255487830e-02 3.543645594497216167e-02 3.507001310186702026e-01 2.047166721257779768e-05 4.125245660006551240e-01 9.357599082869311191e-02
5.805418390497799584e-03 5.478668979936830441e-01 3.221006272521019786e-01 3.136260509809155484e-03 1.848391832376885396e-02 2.224298233907202649e-05 9.766893545086527406e-02 4.915699096934918362e-03
3.881769926183959996e-01 2.280832711288048912e-04 3.526996765364519282e-02 1.142489839927013535e-02 1.577921539354731895e-02 2.073484282989135344e-05 4.804470432114125167e-01 6.865306460977027569e-02
2.016728624535316372e-01 2.161320999394830437e-05 5.383850609492522865e-02 4.951586409613556450e-02 1.437494596697501681e-01 2.161320999394830437e-05 5.496455433560992754e-01 1.534537909570329525e-03
8.068441349357895892e-03 6.093638848328279956e-01 1.548354487251488443e-01 1.329139990265453637e-03 1.873900183458759514e-02 1.872028155303456280e-05 2.012617469766745382e-01 6.383616009584785166e-03
5.220854713122107839e-03 1.101761814202160267e-01 3.019663425311278071e-01 1.794108148839212440e-05 2.572930496250314114e-01 3.606157379166816893e-03 3.190103699451002917e-01 2.709103304747210571e-03
2.171386629151630075e-03 3.058291026974126962e-05 1.397944828429873443e-01 3.058291026974126962e-05 7.951862499235428094e-01 3.058291026974126962e-05 6.272554896323934148e-02 3.058291026974126962e-05
1.849864959857930864e-05 7.479189019201598621e-01 1.049058418735432513e-01 1.849864959857930864e-05 1.849864959857930864e-05 1.849864959857930864e-05 1.394983166228865590e-01 7.602944985016095100e-03
2.337650194024966675e-05 2.337650194024966675e-05 7.503857122820143007e-03 2.337650194024966675e-05 2.337650194024966675e-05 3.770863527981673236e-01 6.152929075693114314e-01 2.337650194024966675e-05
2.110101619014812524e-01 8.633310368584225583e-03 8.915346193592836588e-02 2.152945229073372854e-05 3.360747502583534552e-02 2.152945229073372854e-05 6.071520840509818662e-01 5.040044781260765577e-02
8.136907245167572522e-02 8.865248226950355479e-04 9.197260464469476926e-02 1.738283966068697179e-05 7.910930329578641507e-02 1.408010012515644675e-03 3.440237797246558649e-01 4.012133222083159589e-01
2.057164600026859247e-01 2.238238058999955562e-05 8.975334616589822345e-03 1.365325215989972784e-03 2.238238058999955562e-05 2.238238058999955562e-05 7.838533506423743802e-01 2.238238058999955562e-05
8.904198622124010615e-03 2.493608908531565888e-02 1.553576844750639285e-01 4.549590536851684042e-04 6.005676155812644801e-01 2.166471684215087623e-05 1.804887560119589618e-01 2.926903245374583296e-02
2.978140449103580100e-05 2.978140449103580100e-05 6.674012746441122801e-02 3.275954494013938348e-04 8.898981475966406540e-01 2.978140449103580100e-05 4.291500387158258406e-02 2.978140449103580100e-05
1.004458817188495215e-03 5.657063060414523337e-01 1.742123572933509945e-01 6.884217747072370747e-03 2.917830368954872980e-02 1.984418638835807984e-03 2.180655593120682245e-01 2.964378460483120103e-03
2.957941460842050119e-01 7.932671178693857100e-03 1.696624769271337096e-01 1.804078403797134897e-02 3.977322668541795857e-03 2.197415838973367809e-05 5.036696844510856197e-01 9.009404939790806527e-04
1.473014376620315869e-05 1.503947678529342358e-02 9.305179118548196904e-01 1.473014376620315869e-05 1.782347395710582021e-03 1.473014376620315869e-05 5.245404195144944687e-02 1.620315814282347489e-04
2.579446966570367482e-05 4.284461411473380194e-02 1.215177465951300245e-01 2.579446966570367482e-05 5.117880726372265876e-01 5.416838629797772085e-04 3.232304993809327343e-01 2.579446966570367482e-05
3.335688903246648573e-01 1.213455015344855684e-02 1.189428202229042414e-01 2.019059925698595071e-05 2.019059925698595071e-05 2.019059925698595071e-05 5.126595057341302164e-01 2.263366176708124858e-02
2.484595507851322118e-05 1.267143709004174036e-03 4.151759093619558638e-02 6.981713377062215287e-03 8.375571456966807160e-02 2.733055058636454601e-04 8.661548399920493413e-01 2.484595507851322118e-05
8.201968472433384533e-04 2.142514203408818485e-02 9.644314635512524214e-02 4.815355685364487992e-01 2.522605425302072713e-02 8.201968472433384533e-04 3.280987436984876826e-01 4.563095142834280860e-02
4.510503028480605803e-04 2.147858584990764523e-05 3.696464624769105894e-02 7.025645431504791427e-02 2.622535332273723263e-02 2.515142403024185278e-02 8.409081146097342474e-01 2.147858584990764523e-05
2.833310448990800645e-01 2.311318595816742438e-03 5.677605382397364620e-02 9.405464780996844118e-03 7.531237127557327549e-02 2.997848871801913652e-03 5.444413931987734934e-01 2.542450455398416811e-02
1.725363374675717085e-02 2.276200291410497914e-02 2.880344006538967591e-02 2.853868296670102334e-01 7.836099363872207554e-03 2.596041081772628920e-02 1.672056576282028584e-02 5.952770176623192189e-01
1.067436895642346045e-03 2.093013520867345172e-05 4.878814517141781548e-02 2.093013520867345172e-05 3.187868893633052925e-01 2.093013520867345172e-05 6.312738080287999543e-01 2.093013520867345172e-05
3.548756833010052129e-03 1.412890142831952148e-02 1.086889437488979260e-01 3.769176512078999380e-03 2.204196790689473391e-05 2.204196790689473391e-05 4.556295186034209910e-01 4.141906189384588766e-01
2.130469981677958678e-05 1.512633686991350515e-03 2.222293237888278428e-01 4.282244663172696600e-03 1.557373556606587474e-02 2.130469981677958678e-05 7.563381481954920549e-01 2.130469981677958678e-05
3.500913281725668430e-03 2.174480299208489769e-05 7.678089936505176627e-02 1.546055492737235908e-02 1.715882404105419090e-01 7.197529790380101031e-03 7.226015482299731341e-01 2.848569191963121194e-03
2.386748770824383671e-05 2.386748770824383671e-05 2.172180056327271402e-01 4.322402023962958195e-02 2.386748770824383671e-05 2.386748770824383671e-05 4.377535920569001204e-01 3.017089121199102997e-01
2.406854722248965664e-05 2.406854722248965664e-05 4.597092519495524394e-03 1.590930971406566072e-02 2.406854722248965664e-05 4.498652161355541357e-01 5.290507364975450821e-01 5.054394916722827454e-04
1.696761489798483645e-03 2.767397042188612932e-01 2.704554024047928773e-01 1.696761489798483645e-03 1.424651221249319533e-01 2.094767271356152673e-05 2.744354602203695204e-01 3.248984037873392516e-02
1.622986294782399752e-03 4.410114610884027092e-02 6.774465015628758358e-02 2.003686783681975358e-05 1.835577462531057524e-01 6.832571932355535615e-03 4.608679971146910637e-01 2.352528652721006808e-01
2.086243337621761229e-01 2.297371806653189269e-05 3.011854438522330868e-02 1.860871163389083132e-03 1.860871163389083132e-03 2.297371806653189269e-05 7.498851314096673937e-01 7.604300680022056495e-03
1.908105632727828316e-05 1.908105632727828316e-05 3.283849793924591837e-02 6.798771179972523671e-01 2.499618378873454637e-03 1.908105632727828316e-05 2.847084414593192281e-01 1.908105632727828316e-05
2.523350356134928529e-01 1.679881736325763056e-05 1.352472785915871667e-01 1.679881736325763056e-05 9.862585673968554678e-02 5.209313264346190908e-02 4.550967611880123997e-01 6.568337589033732861e-03
4.637220349371744266e-02 1.915415262028808099e-05 9.693916641127797718e-02 1.915415262028808099e-05 3.315583818571866959e-02 2.279535703340484498e-01 4.932385841250383485e-01 1.023023291449586397e-01
7.318570281882999301e-04 2.620520326738750953e-03 1.466074885499787754e-02 2.457623117238774690e-02 9.894234855281176799e-02 6.258558005571558669e-02 3.548562255063978932e-01 4.410264885027622150e-01
2.081685332445147639e-05 2.081685332445147639e-05 1.563345684666305607e-02 2.081685332445147639e-05 8.757858362129981034e-01 2.081685332445147639e-05 8.703526374953161893e-02 2.146217577750947000e-02
2.111134278565471225e-03 1.988896997497915098e-01 1.358163052543786553e-01 8.079649708090076102e-04 2.606338615512927677e-05 2.371768140116763905e-03 2.489314011676397320e-01 4.110456630525438082e-01
2.152239652239652454e-02 4.961254961254961925e-04 9.452371952371954600e-02 5.145766395766396828e-01 2.362502362502363096e-05 2.598752598752599439e-04 3.307739557739557967e-01 3.782366282366282639e-02
4.099733622285430812e-01 1.153550950381507234e-02 1.474332926994446902e-01 3.182987945279696935e-03 9.573795656688791067e-02 2.257438259063615136e-05 3.320917422908483685e-01 2.257438259063615136e-05
4.679078978022832014e-01 1.941445988972587068e-05 6.699930107944399027e-02 1.941445988972587068e-05 1.593927156946493839e-02 1.941445988972587068e-05 4.453871243302011673e-01 3.708161838937641761e-03
1.555001411499012075e-02 1.672626329161569850e-02 3.597205231956338012e-01 2.352498353251153426e-05 2.536228474640068176e-01 9.929895549073117222e-02 1.969276371506540335e-01 5.813023430883599435e-02
1.940692439062257707e-05 1.940692439062257707e-05 5.397065673032139244e-02 6.885770843036795874e-01 1.940692439062257707e-05 1.940692439062257707e-05 2.573552243440459519e-01 1.940692439062257707e-05
2.592514816370339314e-01 5.856549535675954071e-03 1.617200989313547499e-01 2.333286667599981923e-05 1.166876662466750925e-01 7.233188669559943284e-04 4.449811003779924889e-01 1.075645153763591690e-02
3.337630074060186081e-01 2.343676760101247374e-05 6.330270929033469940e-02 7.991937751945253632e-03 2.343676760101247374e-05 1.033561451204650060e-02 5.845364207368520804e-01 2.343676760101247374e-05
1.392948053172433573e-02 4.949561610257378376e-04 1.529885924389554341e-01 2.356934100122560954e-05 1.581502781182238249e-02 2.592627510134817219e-04 1.838644291505609762e-01 6.326246818138965278e-01
4.166008529458222615e-03 3.376243879323962294e-03 1.157202653609224613e-01 1.974411625335650258e-05 6.813694519033329511e-02 1.974411625335650258e-05 8.085413046912021118e-01 1.974411625335650258e-05
9.162037664273134374e-03 4.371020186966536464e-02 1.314354423519848436e-01 1.693537461048638548e-05 1.693537461048638548e-05 2.723377591112315366e-01 4.879250779027232698e-01 5.539561035090097285e-02
2.055379360819712189e-02 3.314019679596649781e-01 2.407294462063918061e-01 8.335366349516142460e-04 6.589005448483371830e-02 2.236317801089697055e-04 3.122916158412621379e-01 2.807595348458974058e-02
1.978709090189560834e-05 1.035062725078159246e-01 1.828525070244172990e-01 1.978709090189560834e-05 3.894297360402074193e-01 1.978709090189560834e-05 3.235387233368950399e-01 6.133998179587638044e-04
2.050524934383202410e-05 2.050524934383202410e-05 4.656742125984252717e-02 7.548187335958006505e-01 2.050524934383202410e-05 2.050524934383202410e-05 1.942052165354331006e-01 4.326607611548557129e-03
1.603458529667414062e-02 6.656297177364016091e-03 1.223980968937280062e-01 6.198819708129375827e-03 4.211080104304863736e-02 2.303627796331031152e-01 5.762157463744911334e-01 2.287387346173201587e-05
2.187800822613109654e-05 4.662203552988536392e-02 1.520740351798372525e-01 2.647238995361862485e-03 2.619016364750153536e-01 2.187800822613109654e-05 5.143738514045681498e-01 2.233744639887984967e-02
4.412277642134635608e-02 2.491404653943893774e-05 6.099207733320045621e-01 2.491404653943893774e-05 1.116398425432258840e-01 2.491404653943893774e-05 2.033235338083611843e-01 3.091833175544371828e-02
2.245273698863892045e-05 8.554492792671428841e-03 9.881449548699988705e-02 2.245273698863892045e-05 8.554492792671428841e-03 2.245273698863892045e-05 2.748439534779290039e-01 6.091652072387624406e-01
2.313315443693902683e-05 2.313315443693902683e-05 3.911816415286389209e-02 1.436568890533913498e-02 2.313315443693902683e-05 4.205838808179883648e-01 5.256084019616915626e-01 2.544646988063292985e-04
2.270189153346827832e-02 6.997277866964473833e-03 1.073323096251832393e-01 2.717072660012563867e-01 5.077825085502897517e-03 1.744957074055978536e-05 5.488064493613458161e-01 3.735953095553849745e-02
2.598212429848264918e-05 2.598212429848264918e-05 4.211702348784037570e-02 5.386354188318437375e-01 2.598212429848264918e-05 2.858033672833091817e-04 4.185980045728539545e-01 2.858033672833091817e-04
2.440333837668993551e-05 2.440333837668993551e-05 6.030064912880082895e-02 2.440333837668993551e-05 2.813948948216116186e-01 2.440333837668993551e-05 6.520816047635317192e-01 6.125237932549174556e-03
3.415533847940433636e-05 1.741922262449620978e-03 1.834483229728806897e-01 1.400368877655577479e-03 5.868228704146458696e-01 1.058815492861534414e-03 2.199945351458433285e-01 5.499009495184098602e-03
2.315994256334244641e-05 1.484552318310250647e-02 3.022604103941822773e-01 3.059428412617537160e-02 8.455695029876328372e-02 2.339154198897587175e-03 2.967020241789800616e-01 2.686784936773357058e-01
3.575497025105209836e-01 4.536714555216950218e-02 3.127448846321289055e-01 1.650703816572340887e-03 5.352996662313163484e-02 1.469307792773182596e-03 2.276701494703236295e-01 1.813960237991583594e-05
3.026817603971185258e-05 7.388461771293662605e-02 7.482595798777166296e-01 1.846358738422422801e-03 2.696894485138325720e-02 1.365094739391004529e-02 1.265512440220352419e-01 8.808039227556149417e-03
2.695483244293346570e-02 2.207602984679235878e-05 9.252064108790676589e-02 9.051172237184865405e-04 1.578656894344121486e-01 1.346637820654333689e-03 7.203629299306814060e-01 2.207602984679235878e-05
3.013137278534410449e-05 3.829998794745088642e-01 2.835663492828733312e-01 3.013137278534410449e-05 2.025129564902977131e-01 3.013137278534410449e-05 1.283897794383512259e-01 2.440641195612872159e-03
2.386166943374898666e-02 2.403829170935038381e-02 5.971599138083296537e-02 2.138895757532940228e-02 3.020240912783920921e-03 1.079162103924547096e-02 4.247942350489243846e-01 4.323889928997845522e-01
1.796970758185956890e-02 2.407634389774120228e-04 6.086937489056207240e-02 2.188758536158291117e-05 3.086149535983189959e-03 2.867273682367361010e-03 8.971940115566451324e-01 1.775083172824373778e-02
6.455762542284054772e-03 2.382200200104817489e-05 1.724951164895898170e-01 2.382200200104817489e-05 3.942779551193482668e-01 2.382200200104817489e-05 4.266758778407737651e-01 2.382200200104817489e-05
7.730107787331961244e-01 1.516894755964636257e-02 7.178757417948407327e-02 6.358241492067337767e-04 3.027734043841589332e-05 3.027734043841589332e-05 1.050926486617415750e-01 3.424367203584836872e-02
2.426713259561250890e-05 1.312851873422636595e-02 5.826538536206563035e-02 2.426713259561250890e-05 4.594010871675403562e-01 7.522811104639877183e-04 4.683799262279169651e-01 2.426713259561250890e-05
2.022312102760122961e-03 8.358149251077827413e-02 1.022489888439486461e-01 1.355615805146895454e-03 6.158051468954177377e-02 2.222320992044091420e-05 7.464998444375307018e-01 2.689008400373350469e-03
1.967806682671494859e-05 5.135975441772601228e-03 5.157621315281987751e-02 8.068007398953127565e-04 9.268369475382740377e-03 1.637411940650950748e-01 7.678578456452439527e-01 1.593923412963910591e-03
4.878334661728164073e-02 8.931501711285106879e-03 1.116086079984997259e-01 2.159032303436635852e-02 4.620704205541751319e-01 1.244784096769656519e-02 3.221201181489990462e-01 1.244784096769656519e-02
1.664939103394661932e-02 9.503757450116612215e-02 2.053640839595750542e-02 7.147793037920015594e-03 3.476721084909735818e-03 4.623607152111946506e-01 3.826768592899715271e-01 1.211453744493392291e-02
4.427923606871893986e-02 1.983953954826894739e-03 3.119822098194820204e-02 2.180169181128455906e-05 5.254207726519579194e-03 4.164123135955350753e-03 4.914319351181652418e-01 4.216665213220546216e-01
2.328802541183423377e-02 4.194060722464357238e-02 1.111952426682426137e-01 2.031469306345571788e-04 1.294599985225677874e-02 1.534867400458004294e-01 6.471337814877743400e-01 9.806456378813622685e-03
2.206250796212153586e-01 2.123232409019491660e-05 1.997961696887341418e-02 1.063739436918765408e-02 2.123232409019491660e-05 3.843050660325279897e-03 7.448511614081277932e-01 2.123232409019491660e-05
1.918257536669860930e-02 4.276921942949805239e-02 8.754698901746887918e-02 6.783002874622245937e-02 5.712390358959240069e-04 1.494435026166433290e-02 5.834193263064789692e-01 1.837362718360728564e-01
9.389341575348882085e-03 4.942867846773438961e-02 8.057038493958978975e-02 2.341481689613187809e-05 1.100730542287159525e-01 2.833192844431957087e-03 3.149527020698698609e-01 4.327292310574131773e-01
3.573364042812627889e-03 6.432224630808833776e-01 1.016291830375288113e-01 1.796843246172605615e-02 4.523438558460914083e-02 1.033057851239669450e-03 1.871528248204850364e-01 1.862891207153502505e-04
2.685017248124044360e-03 1.518723994452149950e-01 5.514065222803087724e-02 3.213307727870834962e-01 1.353177566769799868e-02 1.139798712614246631e-02 4.440236139265266169e-01 1.778157117962943684e-05
1.541841947115384776e-02 6.838003305288462563e-01 1.155160757211538686e-01 1.878004807692308135e-05 9.972205528846155714e-03 1.878004807692308135e-05 1.712928185096154188e-01 3.962590144230769898e-03
3.065350667420323107e-03 1.958780816557241858e-02 9.589547371624855543e-02 2.174007565546328712e-05 6.176355493717119310e-02 1.922040088699508986e-01 6.233097091177878246e-01 4.152354450193487985e-03
3.223878047739015765e-03 2.135018574661599869e-05 5.574533498441437696e-02 2.948460651607669181e-02 1.232119219437209368e-01 2.436056193688885402e-02 7.622229813399377107e-01 1.729365045475895904e-03
5.691868111932515441e-03 2.156560388226223465e-02 1.063767064265953299e-01 2.267676538618531968e-05 2.168125538573178468e-01 2.267676538618531968e-05 6.492584697718718489e-01 2.494444192480384996e-04
2.882315292611704605e-01 4.020160806432257830e-03 1.232249289971599077e-01 2.000080003200128422e-05 1.590263610544422057e-01 2.000080003200128422e-05 3.918356734269370922e-01 3.362134485379415783e-02
1.546775336640680565e-01 2.531132935101751969e-05 8.557760453579023319e-02 2.533664068036853290e-02 1.220259188012554619e-01 1.597144882049205197e-02 5.538371975296142447e-01 4.254834463906044528e-02
2.982307944999765606e-02 4.671734947674691801e-02 4.287155661926885797e-01 2.346426392604064379e-05 7.769017785912057938e-02 2.581069031864470986e-04 3.198413815758600065e-01 9.693087427847391080e-02
2.228557661419852415e-03 6.025136524253133646e-02 2.034010600706714078e-01 2.007709604882750257e-05 2.672261484098940182e-02 2.208480565371025248e-04 3.652224542242210603e-01 3.419330228075811440e-01
2.048005242893422104e-05 2.900180224461375023e-01 4.876300483329237823e-02 4.016138281314000913e-02 2.048005242893422104e-05 1.906692881133775774e-02 6.019292209388056314e-01 2.048005242893422104e-05
1.603264865924800275e-01 3.384969851463306978e-02 9.022501102995246491e-02 2.451100544144321102e-05 1.424089416147850465e-02 2.451100544144321102e-05 6.184371782930535577e-01 8.287170939751949128e-02
5.230431047551671320e-01 2.779321845469706360e-04 3.615645055333771563e-02 2.526656223154278078e-05 2.526656223154278078e-05 5.305978068623984573e-04 4.260195057860428069e-01 1.392187578958007342e-02
3.583611926042164220e-02 5.134065634167975234e-03 1.697311864638057222e-01 3.581906256396261905e-04 5.287575902299243222e-04 4.847683700620863956e-01 1.750187623661049463e-01 1.286245479975438588e-01
3.068088174701277260e-01 1.716797143249554087e-05 1.497218788627935893e-01 3.605274000824063040e-04 3.297967312182392696e-02 1.733965114682049303e-03 5.078457629446505583e-01 5.322071144073616585e-04
1.006499501458695128e-01 1.072971675468075009e-01 2.620296170464197494e-01 1.846449278038332694e-05 2.175301894456959373e-01 7.219616677129880693e-03 2.426418996270172657e-01 6.261309501827985735e-02
9.190534404470837235e-03 1.050034928396786742e-02 1.307850157177785910e-01 8.317324484806149290e-03 4.387879846315055274e-03 2.423157527069507832e-03 8.343739084876005130e-01 2.183024799161719048e-05
7.784938143844961043e-03 2.610659015005409658e-03 1.594853944211863661e-01 2.351945058563432485e-05 2.542452608307070247e-02 2.351945058563432485e-05 8.027423679382851285e-01 1.905075497436380062e-03
1.335021546936781059e-02 2.221333688746723870e-05 1.801723754942467781e-01 2.221333688746723870e-05 7.563863343551469054e-01 2.221333688746723870e-05 3.556355235683504590e-02 1.446088231374117149e-02
1.797009775733179670e-05 5.985839562967221889e-02 7.520665612420930346e-01 1.797009775733179670e-05 2.733251868890166150e-02 1.797009775733179670e-05 1.606706440483035847e-01 1.797009775733179670e-05
2.192117146740322264e-05 2.192117146740322264e-05 8.003419702748916509e-02 1.164014204919111041e-02 1.185935376386514258e-02 2.466351001797536246e-01 6.484501731772547295e-01 1.337191459511596469e-03
2.008919603037486891e-05 5.406002651773877260e-02 1.205552653782795830e-01 2.008919603037486891e-05 1.870304150427900061e-02 2.008919603037486891e-05 8.031861464904175296e-01 3.435252521194102383e-03
2.464997042003549762e-05 2.464997042003549762e-05 4.316209820548215503e-02 1.925162689804772384e-02 7.641490830211004025e-04 3.811131926641688206e-01 5.551419838296194342e-01 5.176493788207455144e-04
3.962425115644195306e-01 1.725183893228179497e-03 2.093159930234321786e-01 1.310002274967771337e-02 4.568893607340563344e-03 2.085387123682414911e-04 3.748198983847729204e-01 1.895806476074922677e-05
1.428316769909532616e-02 2.228263291590534860e-05 1.105441418958064276e-01 9.405499353803647988e-02 2.653861580284326560e-02 2.054681581175632210e-01 5.368109095770756678e-01 1.227773073666384683e-02
2.063216967896344399e-05 1.384418585458446933e-02 3.261946026244120361e-02 3.034992159775522225e-02 6.395972600478666992e-04 3.096888668812412815e-02 4.747668564826277859e-01 4.167904596847404886e-01
1.604930346022982637e-05 6.983051935545997457e-02 8.538389933876869842e-01 1.604930346022982637e-05 6.580214418694228405e-04 1.604930346022982637e-05 7.560826860114271131e-02 1.604930346022982637e-05
3.029568589432864897e-05 3.029568589432864897e-05 6.068528841492970560e-01 3.029568589432864897e-05 1.330283567619970908e-01 3.029568589432864897e-05 2.381543868153175036e-01 2.184318952981095102e-02
2.293683196476903121e-05 2.293683196476903121e-05 1.470250928941694603e-02 1.857883389146291423e-03 1.860177072342768245e-02 4.158677003532272876e-01 5.489013257488876141e-01 2.293683196476903121e-05
2.497627254108597159e-05 5.245017233628054441e-04 6.870972576052751524e-02 1.206603726459863218e-01 2.023078075827963469e-03 2.470403117038813268e-01 5.594934811928667928e-01 1.523552625006244091e-03
2.148252094597383546e-02 1.467249989681786333e-02 9.061455280861778483e-02 8.275207396095590057e-03 1.465186346939617926e-03 1.613974988649965192e-01 7.004209831194024849e-01 1.671550621156465619e-03
6.871574001566171930e-02 3.043354452908094993e-03 1.722965757813056387e-01 1.779739446145084787e-05 2.657328967039225831e-01 1.779739446145084787e-05 4.043745995586246478e-01 8.580123869865453889e-02
8.222882219956560712e-03 2.628884259054036221e-01 1.358881156079613794e-01 6.870871935812758631e-04 3.282503657076998177e-02 3.125138525643867803e-03 5.563411498736646754e-01 2.216410301875083440e-05
3.029276736659892826e-03 1.881538345751486126e-05 1.228832693610295568e-01 1.881538345751486126e-05 8.179235342816285614e-01 1.881538345751486126e-05 4.461127417776773046e-02 1.149619929254157985e-02
2.195258242196855406e-04 1.995689311088050185e-05 4.332641494372156676e-02 6.645844974854315801e-01 3.412628721960565999e-03 1.239323062185679163e-02 2.760237886165882171e-01 1.995689311088050185e-05
2.001681412386404986e-05 5.218583610232595538e-01 3.447095560270627690e-01 2.001681412386404986e-05 2.001681412386404986e-05 2.001681412386404986e-05 1.333319988790584443e-01 2.001681412386404986e-05
1.843725801098860815e-05 1.843725801098860815e-05 2.527748073306538071e-02 7.465430141229397742e-01 1.843725801098860815e-05 1.843725801098860815e-05 2.273498285335005253e-01 7.559275784505329037e-04
1.997283694175921138e-05 3.415355117040825075e-03 1.218542781816729509e-01 2.017256531117680041e-03 3.363625469361668507e-01 1.997283694175921138e-05 5.362906447231765572e-01 1.997283694175921138e-05
2.465604812860595129e-05 2.465604812860595129e-05 5.178016667488535285e-01 2.465604812860595129e-05 3.175945559445732536e-01 2.465604812860595129e-05 1.395778884560383015e-01 2.492726465802061475e-02
2.289482119144649908e-05 2.518430331059114797e-04 2.337561243646687353e-02 7.644809744035899746e-01 2.289482119144649908e-05 1.625532304592701384e-03 2.067631301799533472e-01 3.457117999908421255e-03
1.584318999960441718e-02 4.511649986154515901e-02 8.052138138375727894e-02 9.654258475414377594e-02 1.977926342023023410e-05 1.746706752640531934e-01 5.437517306855493837e-01 4.353415878792674110e-02
2.674654969508933743e-05 2.674654969508933743e-05 9.388038942976356313e-03 2.674654969508933743e-05 2.674654969508933743e-05 4.515085054028030731e-01 5.384347919118434023e-01 5.616775435968760725e-04
2.311894821000266831e-02 1.023807408723461168e-02 7.486452873767435179e-02 1.576796659856089791e-03 1.798880696455538953e-03 3.466731811317402823e-02 8.537132450919429072e-01 2.220840365994492844e-05
5.168993667505913589e-03 2.050621805142290588e-01 6.635957885099565967e-01 1.907377737087053059e-05 3.452353704127566168e-03 1.907377737087053059e-05 1.136987869077592389e-01 8.983749141680019354e-03
6.663048721659431406e-03 3.014954172696575465e-05 7.419802219006271793e-02 3.014954172696575465e-05 5.758562469850458942e-03 3.014954172696575465e-05 3.048118668596237410e-02 8.828087313072842113e-01
2.456519603026432349e-05 2.456519603026432349e-05 3.097671219416331043e-02 1.697455045691264458e-02 1.226048933870492463e-01 3.463692640267269311e-03 8.244325439717009596e-01 1.498476957846123702e-03
2.069440739752823055e-02 2.222814972881657938e-05 5.781541744465192034e-02 2.222814972881657938e-05 2.027429536765359974e-01 6.690673068373789549e-03 7.042100115586379383e-01 7.802080554814619026e-03
1.867832193955695257e-05 1.699727296499682714e-03 2.792595913183159584e-01 1.867832193955695257e-05 5.650379169935373369e-01 2.073293735290821643e-03 1.518734356905376004e-01 1.867832193955695257e-05
2.161320999394830437e-05 2.161320999394830437e-05 2.768652200224777649e-02 2.161320999394830437e-05 2.161320999394830437e-05 4.720541194778248850e-01 5.001512924699577090e-01 2.161320999394830437e-05
7.427637960079638141e-03 2.552452907243861881e-05 4.112001633569861009e-02 5.531420695288172817e-01 5.360151105212110356e-04 7.912604012455971966e-04 3.966767063147685346e-01 2.807698197968248204e-04
2.554312712001292618e-01 2.019059925698595071e-05 7.997496365692136067e-02 1.231626554676142895e-03 2.019059925698595071e-05 2.443062510095299952e-03 6.608585042804071552e-01 2.019059925698595071e-05
2.500088655626086110e-03 1.081598638249583414e-03 9.417000602858259517e-02 1.773112521720628709e-05 1.773112521720628709e-05 6.991559984396610306e-01 2.030391148622291697e-01 1.773112521720628709e-05
2.359158252335567148e-05 2.359158252335567148e-05 2.337925828064546865e-02 5.423940737944702439e-01 2.359158252335567148e-05 3.305180711522129333e-02 3.975417571010663731e-01 3.562328961026706153e-03
2.476596166229135115e-05 2.476596166229135115e-05 5.426222200208034169e-02 7.095695675863094021e-01 2.476596166229135115e-05 6.463915993858042504e-03 2.261379959383822968e-01 3.492000594383079960e-03
1.593168493499872644e-05 1.435444812643385006e-02 9.181589344889116155e-01 1.593168493499872644e-05 1.037152689268416861e-02 1.593168493499872644e-05 5.705136375223043843e-02 1.593168493499872644e-05
6.219543472685305080e-03 5.127596819697358699e-01 2.022099683679576265e-01 6.433273488928786116e-03 3.614174574677268131e-02 2.137300162434812729e-05 1.645934855091049365e-01 7.162092844319058182e-02
2.169291509393032750e-05 2.169291509393032750e-05 4.622760206516552534e-02 2.407913575426265905e-03 7.399453338539634106e-02 1.412208772614864140e-02 8.629658553516422748e-01 2.386220660332336160e-04
2.258407833120476826e-01 7.759588219358335738e-03 2.293238902434305004e-01 1.143620109137350772e-02 6.735941793413059708e-02 1.935059406323774608e-05 4.557258407833120750e-01 2.534927822284144608e-03
2.758010863615310317e-03 1.770600867404943657e-02 2.107667691271211674e-01 2.970651395848246737e-02 2.105351804286496645e-05 4.107751905343383081e-01 3.263505831824498049e-01 1.915870141900711740e-03
2.191425846842738334e-01 2.303163481073013108e-02 1.687673618309216972e-01 5.617977528089888352e-03 9.349475517227083532e-03 8.499523197479166847e-04 4.374352170487997293e-01 1.358057962602098045e-01
1.683558368968652002e-05 4.057375669214451433e-03 7.825347654803190833e-01 2.037105626452068597e-03 1.123101787938987628e-01 1.683558368968652002e-05 9.901006767904642347e-02 1.683558368968652002e-05
1.449630446322839076e-03 1.014945485728286356e-01 5.992690595777696583e-01 2.041733022989914201e-05 3.615909183715138031e-02 2.041733022989914201e-05 2.474784597166074795e-01 1.410837518886030525e-02
5.959176218092152033e-03 1.326544591077218407e-02 2.833462715192474821e-02 2.283209278962510216e-05 3.904287867025892696e-03 9.361158043746290293e-04 7.290515548655190914e-01 2.185259600895018417e-01
2.096084514127610085e-05 2.536262262094407874e-03 1.209650373103043769e-01 2.096084514127610085e-05 3.756393057768089849e-01 1.697828456443363975e-03 4.990986836589251796e-01 2.096084514127610085e-05
1.903384217138071713e-05 1.903384217138071713e-05 6.930221934599720135e-02 5.280178156762724839e-01 1.161064372454223776e-03 2.093722638851879122e-04 4.012524268148768836e-01 1.903384217138071713e-05
1.227975398936170456e-02 1.269531250000000173e-02 1.186627327127659781e-01 2.077792553191489650e-05 2.294090757978723694e-01 2.077792553191489650e-05 2.557970412234042978e-01 3.711145279255319562e-01
2.582778036055581559e-05 7.515884084921742835e-03 3.928405392840539356e-02 5.423833875716721443e-04 2.582778036055581559e-05 2.582778036055581559e-05 1.782375122681957025e-01 7.743426829898238939e-01
5.665005450864352664e-03 1.946737268338265419e-05 6.348310232051083968e-02 1.946737268338265419e-05 4.974108394331101524e-01 6.034885531848622900e-04 4.327791621242797482e-01 1.946737268338265419e-05
1.545066075809132036e-02 9.913349687425815349e-02 8.686792751444173677e-02 1.584632428582733246e-02 2.277043602120756849e-02 4.441520930600617589e-01 3.116048112684973170e-01 4.174250217614940833e-03
2.683987331579795179e-05 8.320360727897365598e-04 8.583659885125342059e-01 2.683987331579795179e-05 8.320360727897365598e-04 2.683987331579795179e-05 1.398625798486231309e-01 2.683987331579795179e-05
2.598212429848264580e-05 4.962585741010185764e-03 4.419559343171897831e-02 8.080440656828103557e-03 4.996622323841197200e-01 4.442943255040532509e-03 4.079453336104760242e-01 3.068488879650800236e-02
5.307689294527792763e-03 1.235849426142818230e-02 9.128833875200753623e-02 5.633005601472835799e-01 6.678679149202868676e-03 1.958556935250108176e-05 2.612910807317169182e-01 5.975557209448079804e-02
2.625778008298755399e-03 3.241701244813278689e-05 6.940482365145228538e-02 3.241701244813278689e-05 3.241701244813278689e-05 3.241701244813278689e-05 1.004927385892116299e-03 9.268348029045643255e-01
2.557675584428871539e-05 1.920814363906082206e-02 3.598905314849865089e-01 2.557675584428871539e-05 1.174228860811294961e-01 2.557675584428871539e-05 4.995396183948028757e-01 3.862090132487595862e-03
1.796364158942301189e-05 4.800064669109722626e-01 1.372601853847812137e-01 1.634691384637493913e-03 4.762161385356040305e-02 2.892146295897104948e-03 3.100704174750305575e-01 2.049651505353165468e-02
2.229256765794284732e-05 1.295198180926479363e-02 1.928530028088635551e-01 2.229256765794284732e-05 3.524454946720764065e-02 2.229256765794284732e-05 2.539346381916269269e-01 5.049489500200633474e-01
1.209885358403744787e-03 3.340275298504502555e-01 2.560593438851204232e-02 4.286167638541791419e-02 1.983418620334008014e-05 1.983418620334008014e-05 5.811614899440676885e-01 1.509381570074179967e-02
2.053050833538638980e-05 7.411513509074486340e-03 8.091073334975776299e-02 4.149215734581588461e-02 4.332142563849881167e-01 2.053050833538638980e-05 4.338301716350497217e-01 3.100106758643344368e-03
3.573070333068662299e-03 7.334196999456727740e-03 1.067951021772744619e-01 2.089514814660036341e-05 1.214217058798947174e-01 2.298466296126040179e-04 4.987880814074972524e-01 2.618371014250491235e-01
4.778374442522982505e-04 1.686083553290252182e-02 9.331482661327024364e-02 7.053790843724402513e-04 3.278875034131246285e-02 1.995767725493765854e-01 6.517020114680986964e-01 4.573586966414855404e-03
1.173866191904048284e-01 2.342578710644678262e-05 8.599606446776614233e-02 2.813437031484258138e-02 5.390273613193403979e-02 2.342578710644678262e-05 4.045867691154423351e-01 3.099465892053973604e-01
4.830801768890598778e-03 3.100605652759085284e-01 1.245193232070755940e-01 1.372332243799269727e-02 1.946741011343972516e-03 5.551816958277255507e-03 2.958805998846376073e-01 2.434868294558739099e-01
2.360271903323263515e-05 2.811083836858006488e-02 5.548999244712991830e-02 2.360271903323263515e-05 3.613576283987916110e-02 2.360271903323263515e-05 8.740322885196375458e-01 6.160309667673717626e-03
9.031198686371099543e-03 3.909609820939870234e-05 5.219720071936819750e-01 1.993901008679333474e-03 3.104621158808350545e-01 3.909609820939870234e-05 1.552506059895222557e-01 1.211979044491359779e-03
1.546480712719809913e-01 1.261719296608983937e-02 9.471057418722890475e-02 6.786697140724848830e-03 1.378329213116283661e-02 4.454498810578852615e-03 7.129763515089324599e-01 2.332198330145996256e-05
7.791080241272164281e-03 1.167519649058673149e-02 5.942697861451290420e-02 4.526137817583623241e-02 2.088512154999086490e-01 2.284774264302687425e-05 6.669484554925974029e-01 2.284774264302687425e-05
2.646380561336408171e-02 1.656729849822825007e-01 6.772315653298836002e-01 2.812306653917543662e-05 2.812306653917543662e-05 2.812306653917543662e-05 1.142077732155914460e-01 1.633950165926092643e-02
7.287126856928630159e-03 2.343127606729463123e-05 2.701860443319743510e-01 2.343127606729463123e-05 1.267632035240639533e-02 2.343127606729463123e-05 1.722433103706828283e-01 5.375369042598060476e-01
2.882916234759860252e-01 1.088405153265215725e-02 1.007206673577175776e-01 5.182881682215313181e-04 2.149908682560837669e-01 3.726738733402438879e-03 2.799002912285897815e-01 1.009674712473468822e-01
4.537844572496496642e-02 1.364662825105123975e-02 1.697749571717801220e-01 2.318564086590873749e-02 6.034885531848622900e-04 2.630042049524996400e-02 6.589900327051861906e-01 6.212038623267405330e-02
1.147850307740689441e-02 2.246282402623658479e-05 1.116626982344220559e-01 2.383305629183701119e-02 1.417404196055528295e-02 1.370232265600431496e-03 6.146053281818590897e-01 2.228536771642931347e-01
7.101066339530057343e-03 2.524535245824290342e-01 1.026469755591205291e-01 9.672548834575824461e-04 2.359158252335567148e-05 2.359158252335567148e-05 6.270878550533171003e-01 9.696140417099180508e-03
1.984198564161766625e-04 5.790252173599337235e-03 6.423391897254591976e-02 6.367653955770410379e-01 1.984198564161766625e-04 7.395649193693856977e-04 2.760020202749017271e-01 1.607200836971030972e-02
9.790437583698290147e-03 2.224293314995113846e-01 1.762821672879945345e-01 1.809692714177132979e-05 4.200296789605125619e-02 5.628144341090883691e-03 4.381447030294256528e-01 1.057041514350863382e-01
2.179693970966476712e-05 7.650725838092333093e-03 6.148916692096430964e-02 6.757051309996078316e-04 4.734513274336283883e-01 2.179693970966476712e-05 4.566676838571864794e-01 2.179693970966476712e-05
3.950963295133699260e-01 2.076067098488623523e-05 4.590184354758346241e-02 2.076067098488623523e-05 4.359740906826109399e-04 1.081630958312572791e-02 5.460264075734928557e-01 1.681614349775784837e-03
1.340613580351831396e-02 3.208124415738930826e-03 9.140180164867851564e-01 2.124585705787371419e-05 5.037392708421857546e-02 2.124585705787371419e-05 1.893005863856547788e-02 2.124585705787371419e-05
