1.579229967467862740e-05 7.802975269258710656e-02 3.963867218344335926e-03 3.490256151100723514e-01 6.160576103092132993e-02 1.579229967467862740e-05 1.170209405893686203e-02 1.579229967467862740e-05 1.579229967467862740e-05 1.579229967467862740e-05 4.955781560910899608e-01 1.579229967467862740e-05
2.084983945623618563e-05 5.881739710604227955e-02 1.899420374463116346e-02 2.105833785079854522e-03 2.902506150702638954e-01 2.084983945623618563e-05 2.084983945623618563e-05 2.084983945623618563e-05 4.378466285809598881e-04 2.337475501438638359e-01 3.899128476710728708e-01 5.650306492640005951e-03
2.382540741446678354e-05 2.868817306775945375e-01 2.382540741446678354e-05 2.382540741446678354e-05 4.100352616029732944e-02 6.101686838844943422e-02 2.382540741446678354e-05 2.382540741446678354e-05 2.382540741446678354e-05 4.722434003621460707e-01 1.386876965596111622e-01 2.382540741446678354e-05
4.779237752110487847e-01 3.373247147751758102e-03 1.766097983116103555e-05 1.766097983116103555e-05 2.313588357882095589e-03 1.255695665995549583e-02 1.766097983116103555e-05 1.960368761258875041e-03 1.766097983116103555e-05 7.896224082512100229e-02 2.218395676592137544e-01 2.009996114584437499e-01
1.947983573760134158e-03 7.688568319820292540e-01 1.754940156540661617e-05 1.596995542452001862e-03 3.527429714646729709e-03 1.754940156540661617e-05 1.754940156540661617e-05 1.511003474781509419e-02 3.000947667684531264e-03 9.373135376083673032e-02 1.079463690288160888e-01 4.229405777262994735e-03
1.655848456749237980e-05 5.035435156974432669e-02 1.655848456749237980e-05 1.655848456749237980e-05 1.655848456749237980e-05 9.339150880911376573e-01 1.655848456749237980e-05 1.655848456749237980e-05 1.655848456749237980e-05 1.541594913233540302e-02 1.821433302424161846e-04 1.655848456749237980e-05
3.585676291793313351e-03 9.548347264437691273e-02 2.612082066869301274e-04 2.160904255319149019e-03 9.429616261398177102e-02 2.374620060790273886e-05 2.374620060790273886e-05 3.061122720364741756e-01 2.374620060790273886e-05 5.938924772036474620e-02 4.386160714285714524e-01 2.374620060790273886e-05
7.170088489384770147e-04 6.948165506627959065e-01 1.748802070581651280e-05 1.748802070581651280e-05 1.727991325941729828e-01 5.421286418803119341e-04 1.923682277639816645e-04 1.748802070581651280e-05 1.748802070581651280e-05 1.748802070581651280e-05 1.287293204155153525e-01 2.116050505403798201e-03
3.239181135009069808e-05 1.266519823788546384e-02 3.239181135009069808e-05 3.919409173360974448e-03 3.239181135009069808e-05 3.239181135009069808e-05 6.802280383519047208e-04 2.011531484840632308e-02 3.563099248509977264e-04 7.861816532780513400e-01 1.749481731018398822e-01 1.004146151852811607e-03
2.075463866174090210e-05 1.683201195467187022e-02 6.433937985139678633e-04 2.075463866174090210e-05 1.766219750114150430e-02 2.075463866174090210e-05 5.782449877547631845e-01 2.075463866174090210e-05 2.075463866174090210e-05 2.075463866174090210e-05 3.854343945871902544e-01 1.058486571748785878e-03
2.582511233923868145e-05 6.998605443933682974e-03 2.120241723051495553e-02 2.582511233923868145e-05 4.157843086617428116e-03 2.582511233923868145e-05 6.725117504261144408e-01 2.840762357316254857e-04 2.840762357316254857e-04 2.582511233923868145e-05 2.944321057796601693e-01 2.582511233923868145e-05
1.712856702408276319e-05 4.951868726662327080e-02 1.712856702408276319e-05 1.712856702408276319e-05 2.243842280154841832e-03 3.100270631358980310e-03 1.269226816484532623e-02 5.988318317289574866e-01 1.166455414340035988e-02 5.962454181083209903e-02 2.622554897057311485e-01 1.712856702408276319e-05
6.450002080645833146e-04 7.929341267529442516e-02 2.080645832466397789e-05 2.288710415713037568e-04 2.080645832466397789e-05 2.080645832466397789e-05 2.080645832466397789e-05 7.887728350880114647e-02 5.014356456244018455e-03 4.621114393907869294e-02 2.097499063709375444e-01 5.798967999667096196e-01
2.014017562233142935e-05 7.675420929670508097e-02 5.860791106098445745e-03 2.014017562233142935e-05 1.713928945460404391e-02 2.014017562233142935e-05 3.242568275195359916e-03 2.014017562233142935e-05 2.102835736727624028e-01 9.284620961894788152e-03 6.662571497623459571e-01 1.109723676790461654e-02
2.918685424084992307e-05 1.024458583853832261e-02 2.396532601716187261e-01 2.918685424084992307e-05 2.918685424084992307e-05 2.918685424084992307e-05 2.918685424084992307e-05 2.918685424084992307e-05 3.531609363142840675e-03 1.141206000817232037e-02 7.285330687058548804e-01 6.450294787227832914e-03
2.029962242702285945e-05 2.214688806788193617e-02 2.029962242702285945e-05 2.029962242702285945e-05 1.423003532134302189e-02 2.029962242702285945e-05 6.699078397141813301e-01 1.423003532134302189e-02 2.029962242702285945e-05 2.862246762210223037e-03 2.557955422029150050e-01 2.072591449799033800e-02
2.399022943383058795e-04 3.120910756346506262e-02 4.579952891913111925e-04 8.941812788973217642e-04 3.607476227863560814e-01 2.180929948530053265e-05 1.330367268603332336e-03 1.548460263456337676e-03 7.000785134781471394e-03 4.819855186251418427e-03 5.917081043356887671e-01 2.180929948530053265e-05
2.571806885312691044e-03 3.898451823181910830e-02 2.546343450804644900e-05 2.546343450804644900e-05 3.949378692198003693e-02 8.173762477082908984e-03 6.391322061519658787e-03 3.590344265634548733e-03 2.123905072316154274e-01 1.365094723976369995e-01 5.273731920961499675e-01 2.447036056223263201e-02
2.921243281140454182e-05 1.872516943211030918e-02 6.455947651320403935e-03 2.921243281140454182e-05 1.288268286982940242e-02 2.921243281140454182e-05 6.470845992054219398e-01 2.921243281140454182e-05 3.213367609254499566e-04 2.921243281140454182e-05 3.123101191867259097e-01 2.074082729609722127e-03
1.872597349735425909e-01 3.880647641445434393e-01 2.261317896069829617e-05 1.833928813712631598e-02 1.223372981773777901e-02 3.866853602279409028e-03 2.261317896069829617e-05 9.205825154900276752e-02 2.261317896069829617e-05 1.587671294830627355e-01 1.393197955768621932e-01 2.261317896069829617e-05
1.884940507191218070e-02 6.552221465486157692e-02 2.003124874804695270e-05 2.003124874804695270e-05 8.833780697888704569e-03 1.029806498137093712e-01 8.212811986699248981e-04 2.325627979648250965e-02 3.225031048435559114e-03 2.668362645727334059e-01 5.036056247746483194e-01 6.029405873162132709e-03
2.638384120771595977e-03 2.650789767961979071e-01 1.747274252166620072e-05 9.452753704221413325e-03 3.146840928152082328e-02 1.747274252166620072e-05 1.240564719038300028e-03 1.747274252166620072e-05 1.747274252166620072e-05 4.328173050041934089e-01 2.572162426614481023e-01 1.747274252166620072e-05
2.361163581412919869e-05 3.808792973177180796e-01 2.361163581412919869e-05 4.037589724216093627e-03 1.206554590102002118e-02 2.812145825462787282e-02 2.361163581412919869e-05 1.896250472232716144e-01 2.361163581412919869e-05 2.141811484699659707e-01 1.709718549301095236e-01 2.361163581412919869e-05
4.114468189633997339e-03 1.023704249570130259e-01 2.046999099320396420e-05 3.293826250716449522e-01 3.090968639973798275e-03 2.046999099320396420e-05 8.822566118070909388e-03 5.262834684352739323e-02 2.046999099320396420e-05 1.701056251535249322e-02 4.755383607631212817e-01 6.980266928682551594e-03
3.852364218673546281e-01 4.203772074195987751e-01 2.224100351407855722e-05 7.584182198300788193e-03 3.004759574752012899e-02 2.224100351407855722e-05 9.118811440772207682e-04 2.224100351407855722e-05 2.359770472843734576e-02 8.918642409145501396e-03 1.154530492415817844e-01 7.806592233441573582e-03
2.073312323768452552e-05 1.121661967158732801e-02 2.073312323768452552e-05 2.073312323768452552e-05 1.038729474207994788e-02 2.710026538397743989e-01 2.073312323768452552e-05 6.844003980759662265e-02 2.073312323768452552e-05 3.879167357770774843e-02 5.629250290263725365e-01 3.713302371869298124e-02
2.161134163208851782e-05 2.465854080221299705e-02 2.161134163208851782e-05 2.161134163208851782e-05 2.465854080221299705e-02 8.017807745504840211e-03 2.271352005532503021e-02 2.161134163208851782e-05 1.415758990318118637e-01 1.534621369294605631e-01 6.206993430152142333e-01 4.127766251728907411e-03
9.979034854554302836e-02 2.837969375912544612e-01 1.871887986222904411e-05 3.519336602897681909e-01 1.068848040133278318e-02 7.506270824753845730e-03 1.329040470218261979e-03 3.949683650930327708e-03 1.871887986222904411e-05 2.659952828422746871e-02 2.122908165175395323e-01 2.077795664707423554e-03
1.401097915395931211e-02 3.071472139499838439e-01 1.793979405116429419e-05 2.477485558465788648e-02 7.823544185712748289e-02 1.793979405116429419e-05 1.793979405116429419e-05 9.149294966093789259e-04 1.793979405116429419e-05 2.212156004449068736e-01 3.536112805424993510e-01 1.793979405116429419e-05
3.057916946975720374e-05 1.076692557030151237e-01 3.057916946975720374e-05 3.057916946975720374e-05 1.623753898844107479e-02 3.057916946975720374e-05 3.057916946975720374e-05 3.057916946975720374e-05 3.363708641673292818e-04 7.733777750596293465e-01 1.012476301143661050e-01 9.479542535624733025e-04
5.373645074174095981e-01 1.959047020088046653e-01 1.849728089970774280e-05 5.883985054197032882e-02 9.267137730753577385e-03 1.849728089970774280e-05 1.849728089970774280e-05 7.417409640782804230e-03 2.034700898967851674e-04 1.849728089970774280e-05 1.909104361658835736e-01 1.849728089970774280e-05
2.337431630124819053e-05 7.035669206675705667e-03 3.557804684212986790e-01 2.337431630124819053e-05 2.337431630124819053e-05 2.337431630124819053e-05 4.908606423262120485e-04 2.337431630124819053e-05 7.246038053386939402e-04 2.337431630124819053e-05 6.358047777102520115e-01 2.337431630124819053e-05
2.152759838112460055e-05 6.977094635322482474e-02 2.152759838112460055e-05 1.528459485059846480e-03 1.939636614139326337e-02 1.763325583397915841e-01 2.152759838112460055e-05 3.834065271678290671e-02 2.152759838112460055e-05 5.663911134073882497e-02 6.363773357444242329e-01 1.528459485059846480e-03
1.096780921921713253e-02 6.154835569769867565e-02 1.738163109226169959e-05 7.126468747827295917e-04 1.479176805951470421e-02 2.452548147118125549e-02 1.738163109226169959e-05 3.448689425015643573e-01 1.738163109226169959e-05 1.011784745880553449e-01 4.063999165681707604e-01 3.495446012653827261e-02
2.238037688554675041e-05 7.855512286826909704e-03 2.238037688554675041e-05 2.238037688554675041e-05 1.812810527729286688e-03 1.813034331498142304e-01 2.238037688554675041e-05 2.238037688554675041e-05 2.238037688554675041e-05 2.238037688554675041e-05 8.072825746385567935e-01 1.589006758873819048e-03
9.120055456869285634e-03 1.083358606646159100e-01 2.382912352151119676e-04 9.986569039469692100e-03 1.908496165677396605e-02 1.063645422641999738e-02 2.166283956501017857e-05 2.166283956501017857e-05 2.166283956501017857e-05 5.563233828690263838e-01 2.090680646419132427e-01 7.714137169100124258e-02
2.977785718539694248e-05 4.439878506342683634e-02 2.977785718539694248e-05 2.977785718539694248e-05 9.856470728366387157e-03 2.977785718539694248e-05 2.977785718539694248e-05 2.977785718539694248e-05 1.220892144601274428e-03 8.805610148293728789e-01 6.226549937466500234e-02 1.518670716455243833e-03
1.984224192837196008e-03 1.367154965459801419e-01 1.494292293371221559e-03 5.007348978491990010e-01 7.645387291166529098e-02 5.144284944392730954e-04 2.449659497329871770e-05 2.694625447062858710e-04 2.449659497329871770e-05 2.697075106560188271e-02 2.530743226691490322e-01 1.739258243104208675e-03
1.120583582351907014e-03 1.098831077518017119e-01 1.120583582351907014e-03 3.317806292845842161e-03 8.988838108630689550e-02 2.197222710493935567e-05 2.199419933204429037e-02 2.197222710493935567e-05 1.887634030585339795e-01 1.979697662155035717e-02 5.627307083846017077e-01 1.340305853401300550e-03
1.340364107700465005e-03 8.814145996582806175e-01 4.566075531726859218e-04 1.472927590879632110e-05 5.141990219760795428e-02 3.991633771283802957e-03 3.093147940847227142e-04 1.620220349967595337e-04 1.472927590879632110e-05 1.472927590879632110e-05 5.952100394744593015e-02 1.340364107700465005e-03
8.021252450221810770e-03 1.568399876199319254e-01 2.579180852161353901e-05 8.537088620654080182e-03 1.034251521716702919e-02 1.315382234602290208e-03 2.579180852161353901e-05 2.579180852161353901e-05 1.214794181367997647e-02 4.369390281646549079e-01 3.559527494067883935e-01 9.826679046734758047e-03
2.018896874747637936e-05 9.349511426956311211e-02 2.018896874747637936e-05 1.231527093596059127e-03 2.343939271582007669e-02 2.727731567471533558e-01 2.018896874747637936e-05 9.105224905111846886e-03 2.018896874747637936e-05 7.288217717838973639e-03 5.743963498344504259e-01 1.819026084147621833e-02
2.484348603796085076e-05 3.157607075424823800e-02 2.484348603796085076e-05 2.484348603796085076e-05 1.120441220312034386e-02 2.484348603796085076e-05 6.732584716287391170e-03 1.018582927556394837e-03 2.854764980622080950e-01 1.763887508695220286e-03 6.586256583523800723e-01 3.502931531352479737e-03
2.000320051208193554e-05 8.703392542806849541e-02 1.622259561529844699e-02 2.000320051208193554e-05 2.822451592254760638e-02 1.220195231236997956e-03 4.006841094575132045e-01 1.802288366138582107e-02 3.762602016322611626e-02 2.000320051208193554e-05 3.852816450632101097e-01 2.562409985597695686e-02
2.147674068983291231e-05 1.849147373394613436e-02 2.424938791289033835e-01 2.147674068983291231e-05 1.484042781667454028e-02 2.147674068983291231e-05 1.033031227180963157e-02 2.147674068983291231e-05 1.312228856148790930e-02 1.591426485116618703e-02 6.846999699325629907e-01 2.147674068983291231e-05
2.517047274724268629e-04 1.215047366253260534e-02 2.768752002196695275e-03 9.381721660335908767e-04 3.686330145073451331e-02 1.375223101917532123e-02 5.056976797400576477e-03 1.945219898402818781e-01 2.288224795203880633e-05 1.306805180540936140e-01 5.983936661937667711e-01 4.599331838359799890e-03
1.689705412032265625e-02 1.954443694253935363e-04 5.525745353754308274e-03 1.440958032763583162e-02 4.656906293308695627e-02 5.348068654276678068e-03 2.553391848193027336e-01 5.795991613659783326e-01 1.439181265768806799e-03 1.547564052450161459e-02 3.590846096442911611e-02 2.329341530151735409e-02
2.302122138043614604e-04 3.078565150056505884e-02 2.092838307312376944e-05 2.092838307312376944e-05 9.857268427441294792e-03 2.092838307312376944e-05 6.487798752668368085e-04 2.092838307312376944e-05 2.038633795152986206e-01 1.437989200954334079e-01 6.107111464568246717e-01 2.092838307312376944e-05
2.204002468482765036e-05 9.192894296041612123e-02 2.204002468482765036e-05 2.887243233712421652e-03 1.743365952569866928e-02 3.572688001410561504e-02 1.344441505774486350e-03 4.048972934849687233e-01 2.424402715331041506e-04 2.204002468482765036e-05 4.452305386582032787e-01 2.424402715331041506e-04
2.130288441054919052e-05 3.985769673213752917e-02 2.130288441054919052e-05 2.130288441054919052e-05 8.054620595628649016e-02 2.130288441054919052e-05 2.577649013676451897e-03 2.130288441054919052e-05 3.357547611946657407e-01 2.130288441054919052e-05 5.411145669123599289e-01 2.130288441054919052e-05
2.174291181074969285e-05 5.307444773003999750e-02 1.067576969907809911e-02 2.174291181074969285e-05 1.328491911636806196e-02 2.174291181074969285e-05 5.892329100713166942e-03 2.174291181074969285e-05 1.513524091146286055e-01 4.394242476952512494e-02 7.212341276743780005e-01 4.566011480257435736e-04
2.386520929788554411e-05 4.608371915421698162e-02 2.386520929788554411e-05 2.386520929788554411e-05 1.422605126246957175e-01 2.794854660875376040e-01 1.601355543888119751e-02 2.386520929788554411e-05 5.011693952555964669e-04 2.386520929788554411e-05 5.090687795331965138e-01 6.467471719726982683e-03
2.406623026569118488e-05 5.318636888717752018e-03 4.397140931844435996e-01 2.406623026569118488e-05 2.647285329226030100e-04 2.406623026569118488e-05 4.837312283403927791e-03 2.406623026569118488e-05 2.406623026569118488e-05 1.468040046207162112e-03 5.482527916827107939e-01 2.406623026569118488e-05
8.883163671400444439e-02 2.974529764148967081e-01 8.587826232667252228e-04 8.212894306899586050e-02 3.458171002471618211e-02 2.094591764065184024e-05 1.487160152486280505e-03 2.180470026391856039e-02 6.767625989694608934e-02 1.116626869423149454e-01 2.842570483012860638e-01 9.237149679527460397e-03
2.486376021798364713e-02 6.834027889084788587e-02 4.207405032857829087e-04 1.222150985734893206e-03 1.584789229043115366e-02 2.003526206122776014e-05 2.003526206122776014e-05 1.913567879467863164e-01 6.210931238980605101e-04 2.019754768392370281e-01 4.952917134156114010e-01 2.003526206122776014e-05
2.297160709363226669e-05 1.564366443076357222e-02 2.297160709363226669e-05 2.297160709363226669e-05 1.036019479922815206e-02 1.748139299825415480e-02 2.297160709363226669e-05 2.320132316456858905e-03 2.136589175778737248e-01 2.297160709363226669e-05 7.105347790131396613e-01 2.988606082881557768e-02
1.907960009158208257e-05 2.100663970083186879e-02 4.006716019232237341e-04 1.907960009158208257e-05 1.184843165687247263e-02 1.907960009158208257e-05 5.901511104327252788e-01 5.170571624818744161e-03 1.907960009158208257e-05 1.907960009158208257e-05 3.713080973822788788e-01 1.907960009158208257e-05
1.847745750184774573e-04 6.804743667271383190e-02 2.067795471343142691e-02 1.679768863804340429e-05 6.754350601357252126e-02 1.696566552442383769e-03 1.847745750184774573e-04 4.720150507290196175e-03 1.679768863804340429e-05 1.149129879728549297e-01 5.084828327622118449e-01 2.135154202781696930e-01
1.915268520646594725e-05 8.658928981843255768e-02 1.915268520646594725e-05 1.915268520646594725e-05 5.764958247146250228e-03 6.914119359534206914e-03 1.915268520646594725e-05 3.468742817743047380e-01 1.915268520646594725e-05 4.579407032866007754e-02 4.953075921244158297e-01 1.265992492147399034e-02
2.620272886077144696e-03 1.676030404607903399e-03 6.187148859827204528e-02 1.607572824701383393e-02 5.453000330484869020e-03 2.360606203673103513e-05 7.341485293423351613e-03 4.017987819271989225e-01 3.564515367546385993e-03 8.406118691279922117e-02 4.010906000660969806e-01 1.442330390444266155e-02
2.081512010324299401e-05 2.102327130427542219e-03 2.081512010324299401e-05 2.081512010324299401e-05 2.081512010324299401e-05 2.081512010324299401e-05 2.081512010324299401e-05 1.063652637275716920e-02 2.081512010324299401e-05 8.499021689355146236e-01 1.371924566004745771e-01 2.081512010324299401e-05
2.606066923798603391e-05 1.509173355571771236e-01 2.606066923798603391e-05 7.273532784321902478e-02 2.686854998436359956e-02 2.606066923798603391e-05 2.606066923798603391e-05 4.805848014177003802e-01 2.606066923798603391e-05 4.977587824455332460e-03 2.637600333576566314e-01 2.606066923798603391e-05
2.362279126901634837e-05 1.514220920343947729e-02 2.362279126901634837e-05 2.362279126901634837e-05 8.128602475668525451e-02 2.362279126901634837e-05 1.960927903241047043e-01 2.128413493338372764e-02 2.362279126901634837e-05 2.362279126901634837e-05 4.377539450061418980e-01 2.482991590286308115e-01
2.482957880005417649e-04 1.104013362827863387e-01 2.482957880005417649e-04 2.257234436368561468e-05 4.223285630445577921e-02 3.155839465486885431e-01 2.257234436368561468e-05 4.740192316373979049e-04 2.257234436368561468e-05 1.058868674100492124e-01 4.160308789670895124e-01 8.825786646201075683e-03
1.941295232178909467e-05 2.370321478490448538e-02 1.941295232178909467e-05 1.941295232178909467e-05 1.982062432054666409e-02 3.364458766889267816e-01 1.941295232178909467e-05 1.941295232178909467e-05 1.941295232178909467e-05 3.670989284050317492e-02 5.408642646373659213e-01 4.233964901382201301e-02
1.319627399322544081e-02 1.698579224689499290e-01 8.256492284531425155e-03 7.292058712834022195e-04 2.147864132480240551e-01 1.084399698908543319e-02 2.352277004140007269e-05 3.860086563793751341e-02 2.352277004140007269e-05 2.641842303349641874e-01 2.627728641324801884e-01 1.672468949943544878e-02
1.940541799270356483e-05 3.165023674609951376e-02 1.940541799270356483e-05 1.940541799270356483e-05 2.194752774974773057e-02 1.940541799270356483e-05 5.938251959947217218e-01 2.134595979197392098e-04 1.940541799270356483e-05 1.940541799270356483e-05 3.522277419855623370e-01 1.940541799270356483e-05
2.333068918855862780e-05 9.707899771359244923e-02 2.566375810741448990e-04 4.899444729597311364e-04 9.544584947039334855e-02 1.308851663478139034e-02 9.565582567309036111e-04 1.098875460781111382e-02 1.269422798749474945e-01 1.817693994680602554e-01 4.692034902711025302e-01 3.756240959357939110e-03
2.577802774653168783e-04 1.572459692538432513e-02 2.601237345331833609e-03 2.343457067866516798e-05 2.369235095613048472e-02 2.753796400449943782e-01 2.366891638545181881e-03 2.343457067866516798e-05 2.343457067866516798e-05 2.835583052118485336e-03 6.707208473940757809e-01 6.350768653918261245e-03
2.356711915535445045e-05 5.658465309200603338e-02 2.356711915535445045e-05 2.356711915535445045e-05 2.356711915535445045e-05 2.356711915535445045e-05 2.356711915535445045e-05 3.631693061840120945e-02 2.356711915535445045e-05 2.830411010558069387e-02 2.715167797888385914e-01 6.071125565610859809e-01
1.974255705598988955e-05 7.464660822869777224e-02 1.974255705598988955e-05 1.974255705598988955e-05 4.601990049751242956e-02 1.974255705598988955e-05 1.974255705598988955e-05 1.974255705598988955e-05 1.834280976072020508e-01 1.186527679064992326e-02 6.839019189765457307e-01 1.974255705598988955e-05
2.780769491295806972e-01 6.910858226647700886e-02 1.693422746054325018e-05 4.419833367201788689e-03 4.032039558355347830e-02 6.282598387861546181e-03 6.943033258822731623e-04 2.067669172932330712e-02 1.693422746054325018e-05 1.693422746054325018e-05 5.803529093002777195e-01 1.693422746054325018e-05
2.285127663034639545e-01 3.031183932346723231e-01 2.032850870060172549e-05 6.728736379899171068e-03 6.301837697186534869e-04 3.476174987802895314e-03 2.032850870060172549e-05 7.541876727923240223e-03 4.433647747601236061e-02 4.921531956415677728e-02 3.456049764189298990e-01 1.079443812001951684e-02
4.174745756004906785e-03 2.582208856000949293e-01 1.978552490997585836e-05 1.307823196549404154e-02 2.376241541688100395e-02 1.978552490997585836e-05 1.978552490997585836e-05 1.978552490997585836e-05 4.174745756004906785e-03 3.555656681571761624e-01 3.409243797237940243e-01 1.978552490997585836e-05
2.050356762076601630e-05 1.970392848355613860e-02 2.255392438284261692e-04 2.050356762076601630e-05 3.836217501845320954e-02 2.050356762076601630e-05 6.676166652997621576e-01 1.455753301074386944e-03 2.050356762076601630e-05 5.351431149019930320e-03 2.671819896662019356e-01 2.050356762076601630e-05
2.518183065733497344e-02 4.370797310278577708e-02 1.404556058734732771e-01 2.287178079685284055e-05 1.399981702575362474e-01 9.377430126709663779e-04 2.287178079685284055e-05 2.287178079685284055e-05 2.767485476419193242e-03 3.204336489639082741e-02 6.132153149444214968e-01 1.623896436576551493e-03
2.187609380469023067e-05 1.465917045852292433e-01 2.187609380469023067e-05 2.139700735036751678e-01 1.599142457122855812e-02 2.187609380469023067e-05 2.187609380469023067e-05 1.161620581029051275e-02 8.772313615680782731e-03 2.146044802240111571e-02 5.327047602380118319e-01 4.880556527826390711e-02
2.491156394798465742e-05 8.223307259229735433e-02 2.491156394798465742e-05 2.491156394798465742e-05 2.491156394798465742e-05 2.491156394798465742e-05 2.491156394798465742e-05 1.098599970106123314e-02 2.491156394798465742e-05 7.575606596582133700e-02 2.189975586667331220e-01 6.118529221264511486e-01
1.818508374118809213e-03 8.892730456647658654e-02 2.245072066813344925e-05 2.245072066813344925e-05 1.147231826141619296e-02 2.245072066813344925e-05 2.245072066813344925e-05 6.138251537874366281e-01 2.245072066813344925e-05 1.237034708814153082e-02 2.714516635984015047e-01 2.245072066813344925e-05
2.313101406365655302e-05 2.269152479644707607e-02 3.846918948926720816e-01 2.313101406365655302e-05 1.135732790525536759e-02 9.483715766099184942e-04 3.724093264248705317e-03 2.544411547002220866e-04 2.313101406365655302e-05 1.179681717246484126e-03 5.711278682457439082e-01 3.955403404885270841e-03
5.408989391401451512e-04 5.166457286432160623e-02 1.744835287548855414e-05 1.744835287548855414e-05 5.899288107202679821e-02 7.975642099385817085e-02 1.731051088777219304e-01 2.653894472361808740e-02 1.744835287548855414e-05 1.919318816303740955e-04 6.019856225572305375e-01 7.171273031825795181e-03
2.597942429595760755e-05 2.003013613218331337e-02 5.455679102151097214e-04 2.597942429595760755e-05 3.873532162527278805e-02 2.597942429595760755e-05 4.323235997090305038e-01 2.597942429595760755e-05 2.597942429595760755e-05 2.857736672555336662e-04 5.074041359243479654e-01 5.455679102151097214e-04
2.440095651749548246e-05 3.784588355863548886e-02 2.440095651749548246e-05 2.440095651749548246e-05 1.368893660631496575e-02 2.684105216924503206e-04 2.684105216924503206e-04 2.708506173441998458e-03 1.586306183202381426e-01 1.576545800595383073e-01 6.288370504123760307e-01 2.440095651749548246e-05
4.132231404958677801e-03 8.097124513352912945e-02 3.415067276825353829e-05 3.415067276825353829e-05 6.355440202171983022e-02 3.415067276825353829e-05 3.415067276825353829e-05 1.058670855815859639e-03 3.415067276825353829e-05 5.413223140495867503e-01 2.530906358855269933e-01 5.569974728502151418e-02
2.142327821777592345e-01 2.350747996850539312e-01 3.728405354082719482e-03 2.315779723032744761e-05 6.671761382057338208e-02 2.315779723032744761e-05 1.275994627391042330e-02 2.315779723032744761e-05 9.494696864434253080e-04 6.972812746051594568e-02 3.842110138483626480e-01 1.252836830160714877e-02
1.652397881448160882e-02 2.164078937821954374e-01 1.813828629471087757e-05 6.185155626496408911e-03 7.910106653123413767e-02 2.842450845244141044e-01 1.650584052818689605e-03 5.622868751360371540e-04 1.813828629471087757e-05 7.547340927229195806e-02 3.170753827178408035e-01 2.738881230501342273e-03
3.359360813510078349e-03 4.866836147932933621e-01 3.329096301676654390e-04 5.780521760184008893e-03 2.778584831426669233e-01 6.355547485019067029e-04 3.026451183342413113e-05 8.504327825192180973e-03 3.026451183342413113e-05 3.937412989528479151e-02 1.713274014890139862e-01 6.083166878518250428e-03
2.207408061454240125e-05 3.136726855326475022e-02 2.207408061454240125e-05 2.428148867599664240e-04 4.063838241137256169e-02 2.207408061454240125e-05 2.207408061454240125e-05 1.125778111341662257e-03 1.810295351198622227e-01 6.403690786278751212e-02 6.814489426515384363e-01 2.207408061454240125e-05
1.479272113762352715e-02 4.540551940226560945e-01 3.314051578693661825e-04 1.398228488792480351e-01 2.051699204627621329e-02 3.012774162448783569e-05 3.012774162448783569e-05 2.440347071583514552e-03 3.012774162448783569e-05 1.997770547119788465e-01 1.681429260062665965e-01 3.012774162448783569e-05
2.721556991981914989e-02 5.105789269188654861e-02 1.766097983116103555e-05 1.430539366324043568e-03 1.008441948359295112e-02 3.728232842358093768e-02 1.149729787008583158e-02 4.002154639539401426e-01 9.007099713892126368e-04 7.258662710607185001e-03 4.530217936491116593e-01 1.766097983116103555e-05
2.188566926376608830e-05 4.379322419679593931e-02 2.188566926376608830e-05 2.188566926376608830e-05 2.188566926376608830e-05 1.772739210365053024e-03 2.407423619014269645e-04 1.772739210365053024e-03 2.525825089731243978e-01 4.595990545390878611e-04 6.835113367766786352e-01 1.577956753917534802e-02
2.381973226620932548e-05 1.203134676766232924e-01 2.381973226620932548e-05 2.381973226620932548e-05 1.479205373731599070e-02 9.766090229145821516e-04 2.381973226620932548e-05 2.381973226620932548e-05 1.589014339478823923e-01 2.591825067886236456e-01 4.297317898146824078e-01 1.598304035062645539e-02
3.027367401307823620e-05 5.815572777912328406e-02 3.027367401307823620e-05 3.027367401307823620e-05 2.122184548316783867e-02 7.635323322838460935e-01 3.027367401307823620e-05 6.690481956890289954e-03 1.456163720029063011e-02 3.027367401307823620e-05 1.211249697263260122e-01 1.456163720029063011e-02
2.426477724934484841e-05 7.548772202271182563e-02 5.095603222362417523e-04 2.426477724934484841e-05 1.965446957196932427e-03 2.426477724934484841e-05 2.426477724934484841e-05 2.669125497427933427e-04 2.346646607784140248e-01 2.465544016305930008e-01 4.346064253130155208e-01 5.847811317092108281e-03
3.135416203724278317e-02 9.135149548908937100e-02 2.222123461179502791e-05 2.046575707746322095e-02 1.113283854050930999e-02 2.222123461179502791e-05 2.222123461179502791e-05 2.466557041909248071e-03 2.080129772010132494e-01 3.868716945913514005e-02 5.964401582151903636e-01 2.222123461179502791e-05
1.200267600645389633e-03 4.271772067214985036e-02 1.967651804336704299e-05 1.987328322380071434e-03 8.283814096257524975e-03 1.967651804336704299e-05 2.774389044114753018e-03 1.967651804336704299e-05 1.733698004801070280e-01 1.967651804336704299e-05 7.676006453897916693e-01 1.987328322380071434e-03
2.344006375697341754e-05 5.674839435563263507e-02 2.344006375697341754e-05 5.414654727860858906e-03 4.409075992686699308e-02 8.461863016267402379e-03 1.666588533120809748e-02 2.346350382073038657e-02 2.344006375697341754e-05 4.589798884252964117e-01 3.717828512493553395e-01 1.432187895551075701e-02
3.856667818276040549e-01 1.103385731559855011e-02 2.375194334081879742e-04 6.199257211953706354e-02 8.874589739160478052e-03 2.159267576438072492e-05 1.146571083088616418e-02 1.103385731559855011e-02 2.159267576438072492e-05 2.159267576438072492e-05 5.080972534116428019e-01 1.533079979271031144e-03
2.201778862922916004e-03 1.767963027554935590e-02 2.179979072200907179e-05 8.937914196023717369e-04 1.637164283222880892e-02 8.087722357865364392e-03 2.179979072200907179e-05 4.144358214161144027e-01 2.397976979420997931e-04 1.702563655388908068e-02 5.151508545517963222e-01 7.869724450645274386e-03
2.494829369183039838e-02 8.127123651942678995e-02 1.977766287487072935e-02 1.663835130743093055e-02 4.396882848278917816e-02 1.377788447333431754e-01 1.846653863199881806e-05 2.049785788151868571e-03 9.436401240951394764e-03 1.846653863199881806e-05 6.640751957453093768e-01 1.846653863199881806e-05
2.123052099698526427e-05 1.084879622945946961e-02 5.965776400152859524e-03 2.123052099698526427e-05 2.993503460574922174e-03 1.970404653730202238e-01 7.027302450002122398e-03 2.123052099698526427e-05 2.123052099698526427e-05 2.123052099698526427e-05 7.759967729608082676e-01 2.123052099698526427e-05
1.842570754716981062e-05 7.353699882075470651e-02 1.842570754716981062e-05 2.176076061320754429e-02 1.531176297169811046e-02 3.281618514150942689e-02 2.728847287735848559e-02 2.113612912735848559e-01 1.842570754716981062e-05 1.842570754716981062e-05 6.174638856132074194e-01 3.869398584905660060e-04
2.835268776924517592e-02 7.002715864394082335e-02 2.341262408690766316e-05 2.086064806143472436e-02 7.281326091028283293e-03 2.341262408690766316e-05 2.341262408690766316e-05 3.992086533058625264e-01 2.341262408690766316e-05 1.098286195916838431e-01 3.554270462633452032e-01 8.920209777111819463e-03
1.693422746054325018e-05 1.359987807356228262e-01 1.693422746054325018e-05 5.600318363476257666e-01 1.593510804037119588e-02 1.862765020659757384e-04 7.976021133915869518e-03 1.693422746054325018e-05 1.693422746054325018e-05 4.980356296145769385e-02 2.281209781209780907e-01 1.879699248120300431e-03
1.778030653248461912e-05 2.526581558266064245e-02 1.778030653248461912e-05 2.919704135699298653e-01 3.397816578357810285e-02 5.511895025070231860e-04 7.558408306959212009e-02 1.778030653248461912e-05 1.778030653248461912e-05 1.833149603499164074e-02 5.542299349240780160e-01 1.778030653248461912e-05
2.065650116427552262e-04 1.237699992488545120e-01 1.877863742206865508e-05 5.753962292496056508e-01 3.062795763539397434e-02 2.835574250732366720e-03 1.877863742206865508e-05 1.145496882746187967e-03 1.877863742206865508e-05 2.029970705325621558e-02 2.409486967625628917e-01 4.713437992939232581e-03
9.369157862701619696e-03 9.914786313638536408e-02 2.013173340289552415e-01 2.173818529629146457e-05 7.195339333072474364e-03 1.108647450110864527e-03 7.195339333072474364e-03 8.912655971479498205e-04 2.173818529629146457e-05 5.588887439676535479e-02 6.147776183644187986e-01 3.065084126777096237e-03
2.134836258059006668e-05 5.723496007856197082e-02 2.243712907220015915e-02 2.134836258059006668e-05 9.414627898040218643e-03 4.931471756116305623e-03 2.222364544639425857e-02 2.156184620639596365e-03 1.866060373169377562e-01 9.414627898040218643e-03 6.823150164382391081e-01 3.223602749669099692e-03
4.104122262028932384e-03 1.265475488639970780e-01 2.267470862999410052e-05 2.267470862999410052e-05 3.650628089429050482e-03 2.267470862999410052e-05 2.267470862999410052e-05 2.494217949299351329e-04 1.918507097183800858e-01 8.732030293410729394e-02 5.861638927939775146e-01 2.267470862999410052e-05
1.419943202271908757e-03 8.821647134114635191e-02 1.999920003199871928e-05 1.999920003199871928e-05 3.061877524899003430e-02 1.021959121635134492e-02 1.999920003199871928e-05 2.241910323587056192e-02 1.999920003199871928e-05 3.612055517779287905e-01 4.472021119155232816e-01 3.861845526178952354e-02
2.530876695687386339e-05 2.052541000202470073e-02 7.845717756630897141e-04 2.530876695687386339e-05 4.178477424579874616e-02 1.048036039684146631e-01 1.672909495849362119e-02 5.443915772423567334e-02 2.530876695687386339e-05 1.526371735169062827e-01 6.013616116622798602e-01 6.858675845312816981e-03
2.580826803059452852e-04 3.796396227300454229e-01 2.346206184599502377e-05 1.480456102482285985e-02 1.738538782788230999e-02 5.797475482145370007e-02 2.346206184599502377e-05 6.665571770447185906e-02 2.346206184599502377e-05 9.527943315658579659e-02 3.679085918070479355e-01 2.346206184599502377e-05
3.495141732915763022e-02 1.554043202441179050e-01 2.007548381916004197e-05 2.007548381916004197e-05 1.527744318638079093e-02 2.007548381916004197e-05 2.007548381916004197e-05 6.466313338151449819e-02 6.446237854332290129e-02 1.306913996627318691e-02 3.716172809764715090e-01 2.804745844374849084e-01
6.348296199213631068e-04 6.391300786369594200e-02 1.435534076015727335e-02 2.471944626474442963e-01 1.148836828309305474e-02 2.047837483617300487e-05 2.479931192660550510e-02 2.477883355176933172e-03 6.348296199213631068e-04 2.047837483617300487e-05 6.336213958060288309e-01 8.396133682830930539e-04
5.661487182000882884e-03 7.845203666486938454e-02 2.450860251948434084e-05 1.399441203862555883e-02 2.330768099602960677e-02 1.387431988628008428e-01 2.450860251948434084e-05 7.060928385863439460e-02 2.450860251948434084e-05 2.943483162590069049e-02 6.289152492524876514e-01 1.080829371109259460e-02
2.526400889293113435e-05 2.099439139002576976e-02 2.526400889293113435e-05 2.526400889293113435e-05 2.526400889293113435e-05 3.413167601434995840e-02 2.526400889293113435e-05 6.846546409984336640e-03 2.526400889293113435e-05 2.175231165681370399e-02 5.169268859582638598e-01 3.991966045172047894e-01
2.300961932050757663e-01 1.705553281484514008e-05 1.705553281484514008e-05 1.876108609632965341e-04 2.821155682903534467e-01 1.705553281484514008e-05 1.705553281484514008e-05 7.932528312184473906e-02 1.876108609632965341e-04 1.332037112839405332e-02 3.204905171237549810e-01 7.420862327739120856e-02
2.367472361463983932e-01 9.374785415093044028e-02 2.763853601593078881e-03 1.716679255647875002e-05 2.044564993476618783e-02 1.716679255647875002e-05 1.716679255647875002e-05 1.716679255647875002e-05 1.888347181212662569e-04 4.877085765295612746e-02 5.740747098812057914e-01 2.319233674380278762e-02
4.543776079169897092e-02 2.140061297588714828e-01 5.723570030648794139e-04 3.657545880875890526e-02 4.396071046120895998e-02 4.968428049185776019e-02 1.846312913112514086e-05 3.860640301318266771e-02 1.846312913112514086e-05 2.088364536021564410e-01 2.976441047228683967e-01 6.463941508806912706e-02
2.182834191914781910e-05 6.856282196804330820e-02 5.042346983323146500e-03 4.387496725748711406e-03 5.153671527110799400e-02 2.359643761459878988e-02 4.169213306557233330e-03 2.401117611106260135e-04 3.950929887365755254e-03 1.331528857068016826e-03 8.371387409412379688e-01 2.182834191914781910e-05
2.351723813555335886e-05 8.209867833121677061e-02 2.351723813555335886e-05 1.434551526268754758e-03 2.495178966182210953e-02 2.586896194910869441e-04 2.351723813555335886e-05 2.351723813555335886e-05 1.836931470768072838e-01 2.307041061097784077e-02 6.742627345844502962e-01 1.013592963642349735e-02
2.221136333348141238e-05 1.155213006974368239e-01 2.221136333348141238e-05 2.221136333348141238e-05 3.156234729687708296e-02 2.221136333348141238e-05 2.221136333348141238e-05 2.221136333348141238e-05 2.221136333348141238e-05 6.910177246679400920e-01 6.110346053040736219e-02 1.006396872640042683e-01
6.127362898009055918e-03 7.178717745992955201e-01 1.796880615251922537e-05 1.796880615251922537e-05 7.027600086250268552e-02 1.796880615251922537e-05 1.796880615251922537e-05 1.796880615251922537e-05 1.852583914324731906e-02 9.361748005462515454e-03 1.691044347013584137e-01 8.642995759361747632e-03
2.191924948489763349e-05 4.079172329139449382e-02 1.935688922011310209e-01 2.191924948489763349e-05 3.224321599228441998e-02 2.191924948489763349e-05 2.191924948489763349e-05 2.191924948489763349e-05 6.029985533295339345e-02 7.693656569199069928e-03 6.486125115076059044e-01 1.668054885800709930e-02
1.191394479932505607e-01 1.530874613314049115e-01 2.008758185689606514e-05 8.235908561327385082e-04 5.845486320356754577e-03 2.008758185689606514e-05 2.008758185689606514e-05 1.426218311839620462e-03 2.008758185689606514e-05 2.412518581013217006e-02 6.946486681933227159e-01 8.235908561327385082e-04
2.464754017549049186e-05 8.897762003352066920e-03 3.076259489302967665e-01 2.464754017549049186e-05 4.093956423148970014e-02 2.464754017549049186e-05 1.160899142265602035e-02 2.464754017549049186e-05 2.464754017549049186e-05 2.464754017549049186e-05 6.307552006309771198e-01 2.464754017549049186e-05
1.895662723688201458e-05 7.224370639975735697e-02 1.895662723688201458e-05 1.895662723688201458e-05 1.238057324840764473e-01 2.690134971185926260e-01 7.222474977252047942e-03 1.895662723688201458e-05 1.895662723688201458e-05 3.053912647861692364e-02 4.798111919927206537e-01 1.726948741279951335e-02
1.804732409429169902e-03 5.349583351900539380e-02 1.136312998529477201e-03 2.228064702998975376e-05 3.968183236041174927e-02 2.228064702998975376e-05 5.839757586560314490e-02 6.575018938549975767e-02 2.450871173298872947e-04 5.369635934227530612e-03 6.196470745510449518e-01 1.544271645648589708e-01
6.395444792870111491e-04 1.693761346756890440e-02 1.054216867469879616e-02 1.052153820762502133e-03 6.209770589206140348e-03 1.673130879683116037e-02 1.941326951642185009e-02 4.173749793695329391e-01 1.877372503713484100e-03 2.063046707377455189e-05 5.052607691038124571e-01 3.940419211090939559e-03
5.632943895236870377e-03 7.412857876492486842e-01 1.604827320580304932e-05 1.604827320580304932e-05 1.521536782642187169e-01 1.604827320580304932e-05 1.604827320580304932e-05 1.604827320580304932e-05 1.654576967518294264e-02 1.604827320580304932e-05 8.426948260367181365e-02 1.604827320580304932e-05
3.029201502483945635e-05 2.160123591421301559e-01 6.361323155216285462e-04 3.029201502483945635e-05 9.723736822973465602e-03 3.508118260026656943e-01 3.029201502483945635e-05 3.029201502483945635e-05 3.029201502483945635e-05 2.157094389918817467e-01 2.041984732824427551e-01 2.756573367260390078e-03
2.293472776478143311e-05 2.293472776478143311e-05 3.575753405807072793e-01 1.628365671299481605e-03 1.676528599605522571e-02 2.293472776478143311e-05 9.403238383560386321e-04 2.293472776478143311e-05 2.293472776478143311e-05 2.295766249254621236e-02 5.999954130544470354e-01 2.293472776478143311e-05
2.497377753358973165e-05 2.275111133310024278e-02 2.000649318215873551e-01 2.497377753358973165e-05 5.047200439538484379e-02 2.747115528694870821e-04 8.418660406573098831e-02 2.272613755556665560e-03 1.023924878877178991e-03 2.497377753358973165e-05 6.363568253333999891e-01 2.522351530892562917e-03
