4.668804093751973694e-01 6.540211005117189946e-02 4.337134373618042327e-01 1.579379619685387576e-05 3.397245561943268433e-02 1.579379619685387576e-05
3.776586871298690529e-01 3.411669029944115472e-01 1.545166402535657658e-02 2.003920260238552242e-02 2.085244807740429163e-05 2.456626907998999132e-01
1.387075251393985742e-01 2.399799837964066429e-01 3.028642234189582449e-02 7.386932278511176495e-04 2.382881380164895938e-05 5.902635466806462894e-01
2.646071781828457925e-01 1.185177335028966827e-02 1.766285149074466469e-05 1.766285149074466469e-05 1.766285149074466469e-05 7.234880599123922895e-01
1.105904240381914844e-01 7.940360853692780552e-01 6.511513619769725147e-03 1.755124964897500044e-05 1.755124964897500044e-05 8.882687447346247767e-02
1.656012983141787816e-05 3.328586096114993700e-03 1.607988606630675679e-02 1.656012983141787816e-05 1.656012983141787816e-05 9.805418474480840363e-01
4.800028499501259316e-01 1.339714055004037618e-01 4.158552225336056840e-02 2.612454282050064567e-04 2.614829240488291545e-02 3.180306844630219065e-01
1.210472925703091757e-01 7.295193787603188040e-01 1.483314677487057032e-01 1.748985588358751496e-05 1.066881208898838107e-03 1.748985588358751496e-05
1.166655867297349963e-01 1.914728179874295583e-02 2.300265664485193987e-03 3.239810795049569397e-05 3.239810795049569397e-05 8.618220695911358309e-01
2.864704417137163284e-01 3.198688143473928797e-02 2.075722351378279750e-05 2.075722351378279750e-05 6.814804051810029462e-01 2.075722351378279750e-05
1.839291249095981184e-01 1.681475359024692598e-02 2.582911457795226875e-05 2.350449426593656348e-03 7.968540138444054621e-01 2.582911457795226875e-05
2.896909688913252290e-01 2.160134301767849957e-02 4.813622036453337784e-03 7.725777716869947596e-03 4.164382622995752015e-02 6.345244621077155145e-01
2.407815881471616626e-01 6.051481604794407554e-01 3.350258032295655788e-03 2.080905610121525337e-05 2.080905610121525337e-05 1.506783752288996525e-01
7.007815332554484522e-01 6.286508480038674462e-02 6.062925512629415738e-03 2.163517705353905363e-01 2.014260967650968769e-05 1.391854328646819315e-02
7.409212984586642792e-01 1.462517515179822744e-02 2.919196637085474599e-05 2.443659504904250879e-01 2.919196637085474599e-05 2.919196637085474599e-05
1.587826863732337002e-01 3.392480103946726722e-02 2.030209517622218548e-05 6.293649504628877431e-04 7.810419035244436925e-01 2.560094201721617446e-02
5.789163722025910674e-01 4.033285346595121279e-01 2.181215373205949942e-05 1.289098285564716298e-02 3.293635213540983993e-03 1.548662914976224256e-03
6.637039678093007433e-01 1.288901339581317307e-01 3.845566138644119971e-03 3.590892884429277686e-03 9.193704477155810115e-03 1.907757347323384423e-01
2.162391164611698890e-01 1.639104774148308560e-02 3.827499561736691282e-03 2.921755390638695925e-05 7.631917255887337159e-01 3.213930929702565518e-04
1.221503528134611910e-01 1.083544418310113944e-01 4.539307038176225162e-01 2.261624751221277379e-05 4.749411977564682022e-04 3.150669440926360809e-01
5.255028447792291502e-01 7.133985094959532924e-02 4.349306835483612854e-02 3.225418703421749096e-03 4.026764965141438508e-03 3.524120522477762751e-01
2.161779610666480222e-01 2.443120260021668655e-01 8.704085555516724582e-02 1.747457449411107182e-05 3.669660643763324810e-04 4.520847167371474518e-01
1.877627166674538106e-01 1.199877202097010265e-01 1.761913758088131110e-01 2.361498134416473789e-05 2.361498134416473789e-05 5.160109573513436132e-01
3.885886254759857716e-01 6.430413954059699400e-02 5.734348769602425067e-02 1.044097776685910806e-03 5.161118617696434235e-02 4.371084633337428138e-01
8.610641516149122876e-02 2.560503603523444638e-01 6.288593291218078640e-01 1.759498175994305205e-02 4.693478067443722541e-03 6.695435536969480614e-03
7.678638079044499687e-01 6.699705553021192972e-02 2.509020030688840185e-03 2.073570273296562318e-05 2.073570273296562318e-05 1.625886451291834456e-01
5.885747633251200428e-01 7.459041196559029752e-02 2.161414429602732278e-05 1.595339990489776649e-01 4.389832706523149469e-02 1.333808844507846092e-01
2.035158005092106981e-01 7.471544106634715743e-02 6.794031750786280188e-01 2.639658529279616250e-03 1.872098247716040163e-05 3.970720383405720866e-02
3.197394861489880613e-01 2.377458016362853088e-01 2.289543562508970509e-01 1.273862494617482343e-03 1.632697000143533634e-03 2.106537964690684273e-01
6.915218987032052678e-02 1.223697088328847687e-01 3.058478101296795279e-05 3.058478101296795279e-05 3.058478101296795279e-05 8.083863469537557744e-01
1.376535444723989698e-01 5.126165458043509954e-02 7.969698090868727602e-01 1.849933402397513262e-05 3.884860145034777987e-04 1.370800651176557264e-02
6.737656629885916404e-01 6.101552272302225577e-03 2.337759491303534508e-05 3.193613241069758191e-01 2.571535440433888263e-04 4.909294931737422703e-04
7.792059596090081808e-01 7.257890884037376811e-02 2.736511217327649084e-02 3.681694871463635308e-03 2.153037936528441433e-05 1.171467941265125073e-01
4.627646629350207208e-01 5.877342419080069241e-02 6.275423286861593966e-03 1.738344400792685347e-05 1.738344400792685347e-05 4.721517226993012240e-01
9.869057211925862383e-01 1.300474527710627007e-02 2.238338257677499382e-05 2.238338257677499382e-05 2.238338257677499382e-05 2.238338257677499382e-05
1.609974867839500945e-01 1.425816795216223454e-01 4.551954242135367729e-02 8.254614784643385383e-03 2.166565560273854373e-05 6.426250108328278587e-01
3.368477483917083765e-02 7.180724326900167487e-02 2.978317846080534022e-05 2.978317846080534022e-05 2.978317846080534022e-05 8.944186323564450314e-01
2.251813014504116250e-01 1.235054880439043629e-01 6.282095256762053603e-01 1.249509996079968500e-03 4.189533516268130302e-03 1.766464131713053540e-02
5.298422186085350871e-01 2.041708785654638703e-01 2.661187535709576280e-02 2.017536149079242058e-01 3.144640267217509166e-02 6.175009888805871316e-03
5.437056241345785551e-02 4.364817488141884416e-01 5.073358277111628123e-01 1.473057773325869874e-05 1.473057773325869874e-05 1.782399905724302465e-03
3.121549811690657039e-01 1.078522416550585783e-01 7.844502914925452486e-02 4.926997884744364377e-03 2.579580044368777171e-05 4.965949543414332479e-01
8.050518919355488245e-01 1.506481444089972643e-01 2.081734846343334319e-02 4.462302628922181283e-03 6.259338529257358567e-04 1.839437871017242723e-02
6.463002534413359035e-01 4.524673259454356500e-02 2.484718978283556611e-05 3.026636187447199755e-01 2.758038065894747540e-03 3.006509963723103147e-03
2.969031328772056000e-01 1.014484055535549989e-01 3.502980834633696861e-02 2.122594326411395005e-02 5.131636858320328676e-01 3.222902412675549000e-02
6.345261620414124337e-01 3.481828335767677557e-02 2.147950854884440208e-05 2.768923447031531593e-01 5.329066070968295488e-02 4.510696795257324097e-04
6.101473819113878427e-01 4.602251922372757598e-02 1.853716587330648353e-03 2.288538996704504353e-05 2.176400585865983367e-02 3.201894910289271312e-01
3.484611557324614195e-02 3.289146350131494367e-02 2.862676807164687975e-02 9.791029923946264688e-03 3.955682706660032522e-01 4.982763522638424258e-01
6.292071332886803869e-01 5.758121232417950236e-02 2.093101138647019351e-05 1.892372739450770280e-01 2.093101138647019351e-05 1.239325184192900109e-01
5.559449808226425427e-01 5.689282722743906062e-02 2.955958206586430451e-02 2.204293964643125108e-05 1.126394215932636882e-02 3.463166247850813506e-01
5.211564683824781996e-01 1.483083347537071661e-01 6.604738367138230813e-04 3.296190557354695128e-01 2.130560763592977583e-05 2.343616839952275511e-04
7.450310964206496855e-01 6.873831166007045301e-02 2.174574870612795141e-05 1.222328534771452146e-01 6.110555386421954484e-03 5.786543730700648147e-02
4.542438418942142953e-01 2.131707084208516734e-01 2.386862707657055971e-05 2.386862707657055971e-05 4.107790719877792845e-02 2.914598052320030441e-01
5.743272517209838668e-01 1.949646175323737273e-03 2.406970586819429138e-05 3.444615606797284402e-01 7.921340201222741573e-02 2.406970586819429138e-05
2.495181833417127737e-01 1.862535612535612672e-01 3.599170437405731504e-01 5.804843304843305962e-02 2.304340539634657859e-04 1.460323445617563443e-01
4.514687612711898446e-01 4.971346130725765033e-02 5.853003646856090592e-02 3.025688293992706383e-03 5.772852963571515478e-02 3.795335230232838031e-01
7.630152093001882907e-01 3.770160363920414814e-02 2.297477369847907073e-05 1.937003170518770412e-01 1.171713458622432357e-03 4.388181776409502341e-03
2.614395298248292088e-01 1.623859863374422716e-02 1.908178452848910455e-05 1.908178452848910455e-05 7.092890127084684471e-01 1.299469526390107862e-02
5.224775728253199247e-01 2.946779558512245822e-01 3.712663373987836520e-03 2.739979168766588577e-02 1.679938178275039223e-05 1.517152168800187939e-01
7.775159943301533927e-01 6.801900164732022080e-02 4.005286748649579398e-02 2.107037505267593308e-04 4.022526146419950935e-04 1.137991801708615608e-01
3.912314666162999832e-01 5.689866842950232206e-03 1.112003022003966481e-02 5.526961941637548864e-02 7.085182736802343728e-02 4.658371895363113135e-01
8.037721708718460756e-02 6.266133733033557585e-03 2.081772004330085651e-05 2.081772004330085651e-05 2.081772004330085651e-05 9.132941960196518938e-01
3.495542928634728930e-01 4.746390032841579093e-02 3.440806964499817933e-01 2.606474482614815565e-05 8.106135640932076933e-03 2.507689099723713899e-01
3.390587345839436439e-01 1.018522893729622431e-01 6.638945329112129305e-03 2.362613996125312844e-05 5.403534470538202683e-01 1.207295752020034856e-02
3.874164710131840494e-01 4.795241105291674355e-01 1.198753837818313309e-02 2.257540184215279416e-05 3.183131659743543718e-03 1.178661730178797440e-01
8.463285830776994256e-01 1.023375917368849891e-01 1.941521376150350634e-05 2.349240865141924081e-03 4.077194889915736501e-04 4.855744961752026662e-02
2.592810426763280662e-01 3.773820166564720302e-01 6.213240483696420846e-02 1.670352420834705790e-03 1.743283301181009978e-02 2.821013503975909331e-01
2.296122346000077363e-01 4.504521988898808199e-02 1.940767767728913463e-05 1.940767767728913463e-05 7.252843224779722542e-01 1.940767767728913463e-05
4.977366063095016169e-01 3.299654657457532503e-01 1.519040507746873339e-02 2.333395557214859489e-05 3.523427291394437642e-03 1.535607616203099046e-01
9.054282098157780956e-01 6.846200721886278040e-02 1.195331177049641005e-03 2.343786621665962854e-05 7.289176393381145008e-03 1.760183752871137888e-02
3.036109932588507143e-01 5.961203035874228506e-01 1.673502097770235373e-03 9.663885353321077353e-04 2.357045208127092351e-05 9.760524206854288842e-02
7.019507957193065195e-01 9.420289855072463969e-02 1.186668246258342115e-02 1.883860522055048614e-01 1.974489594439837246e-05 3.573826165936105567e-03
6.544219760864410373e-01 8.097076855333129597e-02 2.154421976086440815e-01 1.693594824374216657e-05 4.709887206584696673e-02 2.049249737492802020e-03
3.265360061806204528e-01 1.655145773187492175e-01 4.088765095758955526e-01 1.953807994144675028e-02 2.033098849266051122e-05 7.951449599479526453e-02
3.263218299825866864e-01 1.175597593794522888e-01 3.025763811936045822e-01 1.978787399081843011e-05 2.176666138990027448e-04 2.533045749564666882e-01
1.784234917770577689e-01 4.082762580486404280e-02 2.050609030882172027e-05 2.050609030882172027e-05 7.669482836402410353e-01 1.375958659721937191e-02
6.178744624393813778e-01 1.352136517522188608e-01 3.525025162411930812e-02 1.782185012352456577e-01 1.168908408820568991e-02 2.175404886082898254e-02
5.014877696582505928e-01 1.667395965518750633e-01 5.778234805058417994e-02 5.710410011814642112e-03 2.866144488688575007e-03 2.654137312387870318e-01
2.260065776360375145e-01 6.293850906916484966e-01 2.491528802072952436e-05 5.232210484353200285e-04 2.491528802072952436e-05 1.440352800478373885e-01
3.628749775462547511e-01 2.719148553978803853e-02 3.819382072929765337e-02 9.206035566732531563e-04 2.245374528471349418e-05 5.707966588827017018e-01
5.688937213713968211e-01 2.362004349234256978e-02 2.313422477212788420e-05 3.417156341091009408e-01 6.456762133900892375e-02 1.179845463378522081e-03
5.901825288800474079e-01 8.866436324294139915e-02 1.519910655079747056e-02 1.745017973685128801e-05 2.991135308693679273e-01 6.823020277108854045e-03
4.004313256768695650e-01 4.133970794574651220e-02 2.104661435327132273e-03 2.598347451021151047e-05 5.560723379930364585e-01 2.598347451021151047e-05
6.113578680203046734e-01 6.640472471690747613e-02 2.440452948067161674e-05 1.725644279578290030e-01 2.440452948067161674e-05 1.496241702459976952e-01
2.083959557316573674e-01 2.005396912146468480e-01 1.742041262467550460e-03 2.462768137723733014e-02 2.083617980598442571e-03 5.626110124333926210e-01
3.437326292384658144e-01 5.040068556605522554e-01 4.426070038910506071e-02 1.461460070409486937e-02 2.318417639429312671e-02 7.020103761348898963e-02
2.663171643144794931e-01 5.899394115299494423e-01 7.058375358270144173e-02 1.814026049414069200e-05 1.253492000145121736e-02 6.060661031092405560e-02
1.577370141663639869e-01 6.366085482503935911e-01 1.456290107761230579e-01 7.597772127376197296e-03 5.478871534084031082e-03 4.694878314565928412e-02
6.665268456375837980e-01 7.287619215824796270e-02 3.333627693394559683e-03 1.832612151183327376e-01 2.207700459201695448e-05 7.398004238784881836e-02
1.293015126860724562e-01 1.729946362924124625e-01 4.809558247453745161e-01 3.013318869402760442e-05 3.013318869402760442e-05 2.166877598987524967e-01
5.835982761056944801e-01 2.704182563233007916e-02 7.261198247845132570e-02 6.023032358343931129e-03 5.936484386039281996e-02 2.513600395647873076e-01
7.680908812327627011e-01 4.773891345269885150e-02 3.305170073983276606e-03 1.760057785754935711e-01 2.188854353631309314e-05 4.837368121525193430e-03
4.138317133600152853e-01 1.677387078330474790e-01 3.359062321326472707e-03 1.434391080617495873e-01 2.382313703068420578e-05 2.716075852868305995e-01
3.730697026585115261e-01 5.795736692303035120e-01 2.062011748319506066e-02 3.663780052080179740e-03 3.027917398413371961e-05 2.304245140192575855e-02
4.247197010144154183e-01 8.593408726884435578e-02 2.720477600349463856e-02 2.245061398825414223e-01 2.669514148424987038e-04 2.373683444158617983e-01
5.865188016712595820e-01 6.247221975286692403e-02 1.035869855098230929e-01 2.209307493999466410e-01 2.222419770646279647e-05 2.646901946839718897e-02
7.838279282115866442e-01 3.504801637279596205e-02 1.320450251889168300e-02 1.596150818639798241e-01 8.284792191435765701e-03 1.967884130982367366e-05
3.460474493623406089e-01 1.064563015753938607e-01 2.721774193548387455e-02 2.344336084021005667e-05 2.487340585146286670e-02 4.953816579144786347e-01
4.533105861011531568e-01 1.578629119336586936e-02 1.742970673346866395e-01 2.829007040124389624e-03 3.500842223469960435e-01 3.692825983673821925e-03
6.820084594252824317e-01 2.356865652117036761e-02 5.908516112152793938e-03 2.180264248026861129e-05 2.180264248026861129e-05 2.884707626564339544e-01
7.636944557308016357e-01 9.383888006500938628e-02 1.099065489602186335e-01 1.996454031692090902e-02 7.775274258486311769e-03 4.820300668562773304e-03
9.657083404110748948e-01 1.955580091727534067e-02 2.123322575165618390e-05 2.335654832682180094e-04 1.212417190419567969e-02 2.356888058433836020e-03
6.770537721593629099e-01 4.406073784690228701e-02 5.548593963070798385e-02 1.124092433567979625e-03 1.369365717023550422e-01 8.533888622710350536e-02
3.725705989790661921e-01 4.146958272842223708e-02 9.064300098346837753e-02 2.341591345478387438e-05 1.662529855289654902e-03 4.936308715402988323e-01
1.788605494021610065e-01 6.098634962571554408e-02 6.921891406699860472e-01 1.862954306811638323e-04 1.847711953392270137e-02 4.930054533753344681e-02
4.507966427199658344e-01 3.913863005903691489e-02 1.614801906252222585e-01 5.512483106906607578e-04 3.366348957962870259e-01 1.139839248879720955e-02
1.932727341020921419e-01 7.176125906171355873e-02 7.046726514667768226e-01 5.822033579987228929e-04 1.878075348382976932e-05 2.969237125793486656e-02
6.494260370466996557e-01 7.741977563266370932e-02 3.111140099139055037e-02 1.924297765023045281e-01 1.089225150013044610e-02 3.872075832681102364e-02
6.896617986164488290e-01 4.742078742847381789e-02 1.729438893159108113e-03 2.066999743786830657e-01 4.208301306687163568e-02 1.240498761636348035e-02
5.855633164005805691e-01 8.823929608127722979e-02 4.220337445573295321e-02 1.909697024673440158e-01 2.267779390420900185e-05 9.300163280116112430e-02
4.396551724137931494e-01 1.380310424833987026e-01 8.020641651332108268e-03 2.420193615489239173e-03 2.000160012801024454e-05 4.118529482358588845e-01
6.687844884321370031e-01 9.039133296208172463e-02 2.531261074267200282e-05 2.531261074267200282e-05 3.546296765048347760e-02 2.053105857338126117e-01
3.886099117702271899e-01 2.062840247794255899e-01 1.433968462549277401e-01 2.346536512108128789e-05 2.346536512108128789e-05 2.616622864651774183e-01
4.620126089226196386e-01 3.740713970204391781e-01 8.896518491747980317e-02 1.246837730393928097e-02 2.007790226077178997e-05 6.246235393326104307e-02
5.990865522467536675e-01 2.766968418465571428e-02 3.189079588743701787e-01 2.682996764019169970e-03 5.163232703887273012e-02 2.048089132839061238e-05
7.527943916070203301e-01 9.513187567408570855e-02 5.493185606432003654e-02 6.397686047651732037e-03 2.696342778703795249e-04 9.047455632905188061e-02
7.327926015767132206e-01 1.576965837881544596e-01 2.779462300384071580e-04 2.150293106933495041e-02 2.526783909440065195e-05 8.770466949666466672e-02
2.974959915395898880e-01 5.936103435335856604e-01 6.328250264387813399e-03 3.582028451540271766e-04 1.639204448538190625e-02 8.581516733190050483e-02
5.710435051333996315e-01 1.421728530714555516e-01 2.395185935514884956e-01 3.794251965800226473e-03 1.390653435429042156e-03 4.208014284242694164e-02
3.196506388950439703e-01 2.219698648349213432e-01 1.782074008420119759e-01 2.049634389541325243e-03 1.017431124898441654e-02 2.679481497894969921e-01
8.553682923634455815e-01 9.935379644588042403e-02 2.381784045758196869e-02 8.950792472601839123e-04 1.683185608872199424e-02 3.733135397109548208e-03
7.164596857653587891e-01 1.195079499482547686e-01 9.666948913350266806e-03 1.491438517264088714e-01 4.939316963025684173e-04 4.727631950324583283e-03
3.023369468633374871e-02 2.170561578105562883e-01 2.443575617558201973e-04 1.135151945974764709e-02 2.443575617558201973e-04 7.408699129198508260e-01
1.635517377709089504e-01 6.395967365129568982e-01 1.878122416705602926e-01 3.252704596916220370e-03 1.797074362937138364e-05 5.768608705028214351e-03
6.443133988074358776e-01 5.921168011224131611e-02 8.133111189056470292e-03 1.572036127674500128e-01 1.302393896878288326e-01 8.988074359873726715e-04
7.989995178399226239e-01 7.515670202507231112e-02 9.544760527161681718e-02 2.009000321440050930e-05 2.009000321440050930e-05 3.035599485695916755e-02
6.057042843760785944e-01 3.552235862544989020e-02 2.711630429423655844e-04 2.613272198392742607e-01 9.715032293053298129e-02 2.465118572203323341e-05
5.158874606605239332e-01 4.370189208660371083e-01 1.895878360444393663e-05 1.895878360444393663e-05 1.291093163462631900e-02 3.414476927160352282e-02
6.524868526606648622e-01 7.556377573758801813e-02 1.227827792138336607e-02 1.359301185488902492e-03 1.929984847134325610e-01 6.531330778144218974e-02
6.660545537077539047e-01 1.838402178847026863e-02 1.054347377543020034e-02 7.861181034127017256e-03 8.647299137539719849e-02 2.106837783188214575e-01
8.042564119025452651e-02 7.267518377042337940e-01 1.922928770904887841e-01 1.604981863704939621e-05 4.975443777485312859e-04 1.604981863704939621e-05
2.005998909289220533e-01 8.849906077682848093e-02 2.154153790219960271e-02 3.029752166272799691e-05 3.029752166272799691e-05 6.892989153487245613e-01
6.386136342783741426e-01 1.034498577851178901e-02 2.293788420956051051e-05 3.482200201853380417e-01 2.775483989356821325e-03 2.293788420956051051e-05
5.637676091517634935e-01 6.271855330202817658e-02 5.245279248676192312e-04 6.171945249275652412e-02 3.109951044060345615e-01 2.747527225497053039e-04
8.839153046062403485e-01 7.410846953937590131e-02 2.107066204391612116e-02 5.799075449892683760e-03 1.137114082879312794e-02 3.735347531781408378e-03
4.608087423913430625e-01 1.901007368383583196e-01 3.933364183248497063e-03 4.289324742818496558e-03 1.779802797849998423e-05 3.408500338162531729e-01
5.191284688358895894e-01 1.039764163489671073e-01 2.934878978632857183e-01 6.917723202411561745e-02 6.871176522741376984e-04 1.354286727546768175e-02
4.235502201482707618e-02 1.590147894479358726e-01 1.147781582809618553e-03 1.881609152146915904e-05 1.881609152146915904e-05 7.974447747713845347e-01
2.734403065501136987e-01 2.177383946034406811e-02 2.614457350417115616e-03 8.182652776114635344e-04 6.911547519259170214e-01 1.019837943559653501e-02
1.387420930418768461e-01 2.298222435743453862e-01 6.309752582272398769e-01 2.001761550164144344e-05 2.001761550164144344e-05 4.203699255344703258e-04
2.153735526218747420e-01 2.785972416844899671e-02 2.968508002065048997e-03 1.843793790102514783e-05 7.532082011947782707e-01 5.715760749317796031e-04
4.831821994966643552e-01 1.302480725442415888e-01 4.214436943234929622e-03 2.998242320137418093e-01 1.997363480206127892e-05 8.251108536731514842e-02
1.270095670184436532e-01 4.707318275964099685e-01 2.465726402998323847e-05 2.465726402998323847e-05 2.465726402998323847e-05 4.021846335930565619e-01
2.033382177855114770e-01 1.582104588332264652e-02 2.289586958512684374e-05 7.097719571389321221e-04 7.768797508929388140e-01 3.228317611502884432e-03
5.443666429306115440e-01 5.461270670147954504e-02 7.241474800221536778e-02 1.978004588970646386e-05 3.044346862884721450e-01 2.415143603133158845e-02
6.323490076499225232e-01 9.923500775691436460e-03 2.674798052747018179e-05 3.498903332798373733e-01 7.783662333493823055e-03 2.674798052747018179e-05
6.900679607337981691e-01 4.710611646604184050e-02 1.490250077732865192e-02 2.478790032425709222e-01 2.220939013014702618e-05 2.220939013014702618e-05
1.402166863769885030e-01 3.637698851714797343e-01 4.570442147026284041e-01 1.907450501659481752e-05 1.907450501659481752e-05 3.893106473887002206e-02
2.234215763130916951e-02 9.560996200928663369e-02 3.015135982632817066e-05 8.783392631007658213e-01 3.015135982632817066e-05 3.648314538985708219e-03
6.937797867636221749e-01 1.869503267331597274e-02 4.200854910823958316e-03 2.616567582174618156e-01 2.456640298727460797e-05 2.164300103178892765e-02
6.875694660561062488e-01 5.203841195038455547e-02 1.091450673542880036e-02 1.934157293380162623e-01 9.113946561152356509e-04 5.515049126394877543e-02
1.307718170950388781e-01 2.770285415421399056e-01 1.458831440526001284e-02 1.867901972504483143e-05 1.867901972504483143e-05 5.775739689181111913e-01
8.600484156832229887e-01 1.623222236631651633e-02 3.696018674620671959e-03 2.228418276920416524e-02 9.728526347641897054e-02 4.538970302165736903e-04
3.780630998570553847e-01 4.239840718807433295e-02 5.360424749846846425e-04 2.552583214212783883e-05 5.748672656728609498e-01 4.109658974882582187e-03
7.160077535032103313e-01 8.825667326252877032e-02 2.019141461050761221e-05 1.845697209546500739e-01 2.019141461050761221e-05 1.112546945038969323e-02
3.206078445279806344e-01 6.374742889566634707e-01 1.773175402510815995e-05 2.679268033193842741e-02 1.508972267536704340e-02 1.773175402510815995e-05
3.631151795404142235e-01 1.559477185863256468e-02 1.439154437786061306e-03 1.252772141744915718e-02 6.072995800500164965e-01 2.359269570141084131e-05
2.058401030315038793e-01 3.668020606300772396e-02 5.225876758470379344e-03 2.476718842876956815e-05 7.522042797701604666e-01 2.476718842876956815e-05
6.294809291654715477e-02 8.319950291559121691e-01 9.162603957556636480e-02 1.593219258834400413e-05 1.593219258834400413e-05 1.339897396679730519e-02
1.823408712007865140e-01 1.214252126704569446e-01 6.014833497200015033e-01 2.137391527379984925e-05 7.715983413841745638e-03 8.701320907963919216e-02
7.005163137799373940e-01 4.839899340506768205e-02 2.169385629989586939e-05 2.445114543561263121e-01 2.169385629989586939e-05 6.529850746268656483e-03
5.002515674587815209e-01 3.719521634801454257e-01 1.511339886988156446e-02 3.115566220295688110e-03 2.246690920349871459e-02 8.710039476739683817e-02
4.531118409971364724e-01 4.430057267980460067e-01 2.823395654370893654e-02 1.915950816910897249e-03 7.286929425635842172e-02 8.632305878389756170e-04
6.824985488017248914e-01 1.069947756862094923e-01 5.682477817397794950e-02 2.073140393067418900e-05 2.508499875611576706e-03 1.511526660585454929e-01
1.092834534312074474e-01 7.088187756751294089e-01 1.298067209913124874e-02 1.851976564078388460e-04 3.215704761263383712e-03 1.655161963768603250e-01
2.530014701078078798e-01 4.604500163345311425e-01 2.399338451486441870e-01 2.041816399869323683e-05 2.041816399869323683e-05 4.657383208101927019e-02
8.786418851036623678e-01 7.329436478217188876e-03 4.637409809114987486e-02 4.361128870216458495e-03 1.554936523883459348e-02 4.774408621791943752e-02
4.794155871378862344e-01 1.218085775374166957e-01 1.825766151008258870e-02 1.798725527187356177e-01 4.632540980170209849e-03 1.960130801157087543e-01
3.883241967412821016e-01 4.627303182579563939e-02 6.300441601949139346e-03 1.903456677326023934e-05 5.590642606974264295e-01 1.903456677326023934e-05
2.664048539251132608e-01 8.895399576112705819e-02 1.456593109753563653e-02 6.672069151809834064e-02 2.077878901217637466e-05 5.633337489091135852e-01
2.361039363570617278e-01 2.714639942142783521e-02 2.404690567207356383e-02 2.841202603574750104e-04 1.603988015290836247e-02 6.963787581361711165e-01
4.736790873340342434e-01 6.854728808939766771e-02 1.946813067009305978e-05 1.839933029630494987e-01 1.946813067009305978e-05 2.737413853521785123e-01
3.169588097970164609e-01 4.621730700747832543e-01 1.011158152969572066e-01 5.600838839868633318e-02 5.383215289043642715e-02 9.911763542120047288e-03
1.465804165771956435e-01 8.374758428172643931e-01 6.200343568821130476e-03 9.689714408417437336e-03 2.684131415074082419e-05 2.684131415074082419e-05
3.822428935197214606e-01 2.782830120043652475e-02 1.457672920022865665e-02 1.844826690225017047e-03 1.483656394533077252e-02 5.586706854440576242e-01
2.554254152303352954e-01 4.193434659981196827e-02 3.233704167972421828e-02 1.958633657160764596e-05 6.083712002507050132e-01 6.191240990285177409e-02
1.300006483822862061e-02 6.843675030798158920e-02 3.241911430979705662e-05 9.184659275108604248e-01 3.241911430979705662e-05 3.241911430979705662e-05
4.668252506650297229e-01 3.522355228156333617e-01 4.529875179046450456e-02 8.110804174340087436e-02 2.557806425209740485e-05 5.450685492121956632e-02
3.194229871016419087e-01 7.995904142564581873e-02 5.414615743901124434e-01 3.772500269464304739e-04 3.970107426436244452e-03 5.480903962921711975e-02
2.998706973426074618e-01 8.027911539147496167e-02 3.992776886035313139e-02 2.229356161940432112e-05 2.229356161940432112e-05 5.798778312823257286e-01
5.661099650904474201e-01 1.211916851793081416e-02 3.471318629006663881e-01 8.548873373532212341e-03 6.607029514439860529e-02 1.983497302443668552e-05
4.527368291380938214e-01 9.384880712848520101e-02 1.726686650515336582e-02 2.784256559766763450e-01 8.849012441998932096e-03 1.488728288095922392e-01
5.263916750250752230e-01 6.835088599130727249e-02 1.987211634904714405e-02 8.379304580407890765e-03 7.125543296556336587e-03 3.698804747576061591e-01
6.717562463022800356e-01 6.828835388886360380e-02 2.573613070586628845e-02 2.171073590315386881e-01 1.615619168980111800e-03 1.549629090247121171e-02
5.046385231691890016e-01 5.460806821908822939e-02 2.342688469287354430e-05 2.576957316216090042e-04 6.069905823923536087e-02 3.797732277561730041e-01
3.711243570638850242e-01 5.386242368889103405e-02 4.271258953035620420e-01 2.403499495265106400e-05 3.535547757534971552e-02 1.125078113733596341e-01
6.904357267620260252e-01 3.826181371854788654e-02 2.504366709153566309e-02 2.348817447953547577e-01 2.360383326252183224e-05 1.135344379927300147e-02
1.662105098529872149e-01 4.039333750390992073e-01 1.098686268376603339e-02 3.909915545824211078e-05 3.909915545824211078e-05 4.187910541132311981e-01
6.470053176602293954e-01 5.506577106073327205e-02 7.535684298908480738e-02 2.222921914357682549e-01 2.565537830021457277e-04 2.332307118201324612e-05
6.736050815701687400e-01 3.795183475757437502e-02 1.601699949732669423e-02 2.284878672942467111e-05 4.960471598958095946e-02 2.227985193986199708e-01
1.448700641241984777e-01 5.473337833277084341e-01 2.947744403194960117e-01 2.812464844189448279e-05 2.812464844189448279e-05 1.296546293171335629e-02
2.505155122316993221e-01 6.966679163932890662e-01 6.115849657887337948e-03 2.600993532664729827e-03 2.343237416815072252e-05 4.407629581029150201e-02
3.275496100306052316e-01 9.776384638167640029e-02 2.717444960015796482e-02 3.726922697206042599e-03 2.468160726626518318e-05 5.437604896830882106e-01
7.682319043725419627e-01 1.090409998831912003e-01 3.856636685745433446e-02 1.946813067009305301e-05 4.012381731106177962e-02 4.401744344508039253e-02
5.879009794231286889e-01 1.080735016623236566e-01 1.370293826938628542e-03 2.574579926318626422e-01 2.540659538143588345e-02 1.979063707431035629e-02
6.608549992922190253e-01 7.740763459632897525e-02 2.543528523569102417e-01 2.359269570141084131e-05 2.359269570141084131e-05 7.337328363138772257e-03
2.677141207879356055e-01 4.493469947326646230e-02 1.589220001443105226e-02 1.803881953964932511e-05 6.571722346489644595e-01 1.426870625586261487e-02
4.872050094107426843e-01 8.797234689445490585e-02 2.888555089040104051e-01 9.229766903141739271e-04 1.809758216302301891e-05 1.350260605183147555e-01
4.499302467521144044e-01 5.429854390095039535e-02 1.724213096172290752e-02 2.179788996425146517e-05 2.179788996425146517e-05 4.784854826052838406e-01
9.014865257650621633e-01 5.815305402150892922e-02 2.283768633475894881e-04 1.476144998546691928e-02 2.076153303159904652e-05 2.534983183158243114e-02
2.360515021459226245e-02 9.021586708027022894e-01 1.383164067479708548e-02 2.124675986911995048e-05 2.124675986911995048e-05 6.036204478816978303e-02
5.723567500443498268e-01 3.118014901543374462e-01 2.217491573532020903e-05 1.044438531133581871e-02 2.217491573532020903e-05 1.053530246585063224e-01
5.704754867872042778e-01 3.227355702364393952e-01 2.629520166898469211e-03 6.736787204450623689e-04 7.845097357440888181e-03 9.564064673157160468e-02
7.146479972255938007e-01 9.170712675567886663e-02 1.801196462632217651e-02 1.478455002601005708e-01 8.258193168024969416e-03 1.952921796427951884e-02
9.178924759177294057e-02 7.211826347305386742e-01 6.152369174694088255e-02 1.627180421765164802e-05 1.627180421765164802e-05 1.254718823223118507e-01
6.788385578620051430e-02 6.368182200184889508e-02 8.301117740986636850e-02 2.101016892175812948e-05 2.754433145642490657e-02 7.578578031767374545e-01
5.554229093296723929e-02 8.622634751984720181e-01 3.614278039754074273e-02 2.984540082373307045e-05 2.984540082373307045e-05 4.599176266937265306e-02
5.334145715751668071e-01 1.146100564391996091e-01 1.513810501111681472e-01 6.221139045664444110e-03 4.083290576363947724e-03 1.902898922524371705e-01
3.598214839149568856e-02 7.193330440711584450e-02 4.679848757205727280e-03 8.805243909998140550e-01 3.099237587553461986e-05 6.849315068493151172e-03
4.794856901467948740e-01 1.082743689935579540e-01 1.381085647903685931e-01 2.540130953638188305e-01 2.640194318301827649e-05 2.009187876227690531e-02
4.336697600821108889e-01 6.673651798315015371e-02 4.385878629773766746e-01 2.138305606637300532e-05 2.138305606637300532e-05 6.096309284522943850e-02
7.136819515613366249e-01 3.681075636140673096e-02 2.189812989970656414e-05 1.412648359830070421e-01 1.081986598344501366e-01 2.189812989970656414e-05
5.843477790401991889e-01 7.766596331764326344e-02 4.084834712979494749e-03 4.896391278472110760e-03 2.732240437158470377e-03 3.262727912135476305e-01
2.789494414207963069e-01 1.004368375823546169e-02 1.790317960469779430e-05 9.130621598395873874e-04 7.080886565454024284e-01 1.987252936121454774e-03
2.171980711098315531e-01 1.799337843673528271e-05 4.516337987620555258e-03 1.799337843673528271e-05 2.537066359579674343e-03 7.757125377860947246e-01
9.018640792334323697e-01 4.450841452612929600e-02 7.267090748047344041e-03 2.013044528544970615e-05 8.253482567034378572e-04 4.551493679040178458e-02
1.155486721169959041e-01 2.320875437972884092e-01 4.318793479916722272e-02 2.538973239222059105e-05 2.538973239222059105e-05 6.091250698217641757e-01
3.172765991008753561e-01 6.106751321082102280e-01 4.280700370691693790e-02 1.244183295212555884e-02 9.287010016562818882e-03 7.512422115308776786e-03
6.547802862746734398e-01 8.367065893252097208e-03 2.524725618662103984e-03 3.321996411133830707e-01 2.107415599048533070e-03 2.086550098067854636e-05
5.954483364230657161e-01 9.344814128207631909e-02 2.585862035320519170e-01 3.929651673333984380e-02 2.439262367060201567e-05 1.319640940579568968e-02
7.251745234920383698e-01 1.386579339556043289e-01 1.629539571731115563e-02 1.153227704133657355e-01 3.549297984155619281e-03 1.000078437524511360e-03
3.816325664317853916e-01 1.333092792257407344e-01 5.115035232192886860e-03 2.122421258171322103e-05 2.742380507683165325e-01 2.056838441293828423e-01
3.607020773073889019e-01 1.255806819177842371e-01 3.747041809098081069e-03 1.356604435095100647e-01 4.601630291874836257e-04 3.738495924270313076e-01
1.980583778198725664e-01 8.201308765283278623e-03 1.743585328052350445e-03 2.152574479076975946e-05 7.919536765972101655e-01 2.152574479076975946e-05
4.082485375804945082e-02 1.728112864375952462e-01 7.857985547854299258e-01 2.457847908371430019e-05 2.457847908371430019e-05 5.161480607580003210e-04
6.552085983210378939e-02 5.498123887051640235e-01 2.327810989570083533e-01 1.589926227423047567e-05 1.589926227423047567e-05 1.518538539811752630e-01
4.431723938989650668e-01 2.255435762449067502e-02 5.163703890671762498e-01 1.802906284931309145e-05 1.786680128366927370e-02 1.802906284931309145e-05
1.014543651613436098e-01 1.057926703301243360e-01 7.426971862992188811e-01 2.065859604181299346e-05 2.065859604181299346e-05 5.001446101722925586e-02
3.106268968133535369e-01 2.847591047040970783e-02 1.424981031866464319e-02 1.446320182094081638e-03 6.451773520485583058e-01 2.371016691957511459e-05
8.780517697813512434e-01 1.002794391607020469e-01 8.848906755564272739e-03 2.451220707912540796e-05 2.451220707912540796e-05 1.277085988822433855e-02
6.271034655114960943e-01 1.303940353215594650e-01 3.188520493168943426e-02 1.822517494168610364e-01 2.082639120293235653e-05 2.834471842719093332e-02
8.245116228309508355e-02 7.563570882898615899e-01 1.610280475826695035e-01 5.456728145803777896e-05 5.456728145803777896e-05 5.456728145803777896e-05
9.545154783148417366e-01 2.310109395608657412e-02 1.939638451392659767e-05 1.592443168593373273e-02 1.939638451392659767e-05 6.420203274109703880e-03
3.026084851419234470e-05 9.995460872722872203e-01 3.026084851419234470e-05 3.328693336561158256e-04 3.026084851419234470e-05 3.026084851419234470e-05
2.150288788669989515e-01 3.432035762322968031e-01 4.417082047630350172e-01 1.978004588970646386e-05 1.978004588970646386e-05 1.978004588970646386e-05
4.872727951330571017e-01 1.780502370022020719e-01 2.944985630575149838e-01 1.866159071399246073e-05 1.866159071399246073e-05 4.014108162579777678e-02
8.613731880950336040e-01 5.898876404494381165e-02 9.885067329959685428e-03 2.144266232095376357e-05 2.103525173685564034e-02 4.869628613088599484e-02
4.360217693755625845e-01 7.367624191832392033e-02 4.106514444717243029e-01 4.521646615926016612e-03 6.856125705867910369e-02 6.567640559783942747e-03
6.480232614963593596e-01 3.227776963299613944e-02 1.468504129404290919e-02 2.592483995504080846e-02 9.798172311000344359e-03 2.692909153105605413e-01
8.955295041507741471e-01 3.788983621269913227e-02 5.637199910253534729e-03 2.804577069777878238e-05 2.804577069777878238e-05 6.088736818487772845e-02
2.435223191380194996e-01 1.520010261672652754e-02 9.323157174619464693e-02 2.137848469300496427e-05 4.177569693860099242e-01 2.302676586283564364e-01
2.341579541550090904e-01 2.309429146419280168e-02 1.006233740735286734e-03 3.951308103862956160e-03 7.375202473862464414e-01 2.699651499533697028e-04
5.222756280798125372e-01 1.391671378948218796e-01 6.262622182728815046e-02 2.090435414815412785e-01 2.019549236610388400e-05 6.686727522416996417e-02
4.418846611177170147e-01 2.571343638525564954e-02 2.507856293528112901e-01 2.123322575165619407e-05 9.151520298963820507e-03 2.724435196195005848e-01
2.609099583186862970e-01 1.007131019936724908e-01 6.907547833073872379e-02 2.284939486767438577e-03 2.111685833375182356e-02 5.458996635363833061e-01
4.053533722518942173e-01 9.607502173643027443e-02 1.844491367531983853e-02 2.070136214962944832e-05 1.676810334119985301e-03 4.784291806400861602e-01
5.737813192432247300e-01 5.733339014828702646e-02 7.544315663882733558e-02 2.684719618203511016e-01 2.130560763592977583e-05 2.494886654167376497e-02
6.899300155520994293e-01 6.698202868498358276e-02 3.909625021600138250e-03 2.138629687229998133e-01 2.160013824088474274e-05 2.529376188007603082e-02
4.860675205700228374e-01 6.682076512002714519e-02 5.110696411909407266e-03 2.120620917804733345e-05 3.344431249469844158e-01 1.075366867418780237e-01
6.351646393084701969e-02 7.260838568818782646e-01 2.096644833578397982e-01 2.227866149801719278e-05 6.906385064385329661e-04 2.227866149801719278e-05
8.936647715128454017e-01 6.521181550036332653e-02 8.763305262257935517e-04 1.945026289915785696e-03 1.241824477407771007e-02 2.588381139657161198e-02
7.434091578017910651e-01 4.711348442164570854e-02 1.305554387587772730e-02 1.707311945507294926e-01 5.907581045284446622e-03 1.978303830467140201e-02
6.498890167707989107e-01 1.366943439658006854e-01 1.011386057218020135e-01 2.055244985202235822e-05 2.260769483722459370e-04 1.120314041433738694e-01
1.023469923198015302e-01 2.294757429757190714e-01 6.542718122406141479e-01 5.008825072747220310e-04 2.385154796546295144e-05 1.338071840862471544e-02
5.024710566055002881e-01 1.629295748867432281e-01 3.365670617306548013e-02 2.590262206562027880e-01 3.388550771061181466e-02 8.030933967876264026e-03
3.269373653317482753e-01 2.323723902221561805e-02 1.487851994947618668e-02 1.857493127275429445e-05 3.900735567278401563e-04 6.345382272085593467e-01
1.773297624361454272e-01 5.705996131528046078e-02 7.407379854188365087e-01 2.479789713832267274e-05 2.479789713832267274e-05 2.482269503546099057e-02
2.465898116851762689e-01 3.020883631096088831e-02 1.840898116851762308e-03 3.017865765330758309e-05 7.213000965717044632e-01 3.017865765330758309e-05
1.796227388276903369e-01 4.164978079062740812e-02 7.480934310872046078e-01 1.842095567918063164e-05 7.755222340935045804e-03 2.286040599786316393e-02
3.407083001554619961e-01 5.632654608880294234e-02 5.365525347893678187e-01 1.895878360444394002e-05 2.673188488226594956e-03 6.372047169453608217e-02
2.119218863801893560e-01 9.698197378004369540e-02 5.961170793882009100e-01 2.276037873270211000e-05 1.959668608885651447e-02 7.535961398397669764e-02
2.669126942054397822e-01 1.612771683725482130e-02 1.306936345471598065e-02 2.038902255025894285e-05 2.038902255025894285e-05 7.038494474574888971e-01
4.570937486737681188e-01 1.254296991045282805e-01 3.246827653524593238e-01 2.121970886559436446e-05 2.121970886559436446e-05 9.275134745151296378e-02
1.482364430147058987e-01 8.370002297794119084e-01 6.634880514705883935e-03 2.872242647058824167e-05 8.071001838235294934e-03 2.872242647058824167e-05
5.398566950291087130e-01 1.156414118796563889e-01 3.584659854252330441e-02 2.092781826324145722e-01 7.552009119407238590e-03 9.182510279688962940e-02
9.937953297279170095e-02 3.133987339118769477e-01 8.114283318660127364e-02 2.096172389217289747e-05 2.305789628139018484e-04 5.058273592420241549e-01
5.031079442086113795e-01 7.304932282191228810e-02 6.218415201131999998e-02 2.041894077218516512e-01 2.526783909440065195e-05 1.574439053972104541e-01
