1.579279848389134581e-05 1.274636765634870605e-01 4.531111813013266043e-01 8.054327226784585483e-04 2.542640555906506682e-03 3.713044851547694369e-01 6.964624131396083238e-03 1.454516740366392814e-02 2.323120656980416990e-02 1.579279848389134581e-05
2.195788156797330859e-01 1.440992493744787384e-01 3.380108423686405406e-01 2.085070892410342006e-05 3.859466221851542977e-02 5.859049207673060894e-03 6.463719766472060015e-04 2.085070892410342006e-05 2.423060884070058207e-01 1.086321934945788138e-02
1.994519895163211765e-01 1.863473909935668416e-01 1.227305218012866433e-01 2.620919704550869994e-04 2.382654276864427082e-05 2.382654276864427082e-05 2.382654276864427082e-05 2.382654276864427082e-05 4.751250893495353456e-01 1.598761019776030398e-02
1.766160367361356494e-05 1.202755210173083594e-02 1.208230307311903978e-01 1.766160367361356494e-05 1.766160367361356494e-05 1.766160367361356494e-05 1.766160367361356494e-05 1.942776404097492076e-04 1.962204168138466723e-02 8.472447898269163113e-01
3.704808704808704167e-02 8.250263250263249748e-02 8.952263952263951607e-02 7.564057564057562709e-03 1.755001755001754716e-05 1.597051597051596687e-03 1.755001755001754716e-05 1.246051246051245757e-03 7.804668304668304080e-01 1.755001755001754716e-05
1.655903295247557541e-05 7.468123861566483210e-03 8.445106805762541292e-04 1.655903295247557541e-05 1.655903295247557541e-05 3.477396920019870294e-04 1.655903295247557541e-05 1.821493624772313295e-04 9.910746812386155291e-01 1.655903295247557541e-05
5.440512942293991572e-02 2.355972453099026420e-01 3.562336737117073882e-01 3.265495131797672701e-01 7.361671811921159181e-04 5.723106150558062918e-03 2.374732842555212628e-05 9.522678698646402581e-03 6.435526003324626605e-03 4.773213013535977135e-03
1.748863238894718348e-05 8.186603707590065504e-01 8.658621895767749932e-02 1.748863238894718348e-05 1.748863238894718348e-05 4.564533053515214787e-03 5.421476040573625999e-04 1.748863238894718348e-05 8.920951381601957553e-02 3.672612801678908057e-04
7.885001619695498620e-01 3.663751214771623216e-02 1.509880142533203962e-01 2.011661807580175307e-02 3.239390994493035860e-05 3.595724003887269642e-03 3.239390994493035860e-05 3.239390994493035860e-05 3.239390994493035860e-05 3.239390994493035860e-05
2.075550020755500326e-05 2.596513075965130660e-02 3.329389788293897756e-01 2.075550020755500326e-05 4.358655043586550618e-04 2.075550020755500326e-05 2.075550020755500326e-05 6.195724366957243712e-01 1.413449564134495497e-02 6.870070568700706141e-03
8.006198347107439106e-04 2.352789256198347181e-02 2.309142561983471287e-01 2.582644628099174168e-05 5.423553719008265481e-04 2.582644628099174168e-05 2.582644628099174168e-05 7.365960743801653887e-01 2.582644628099174168e-05 7.515495867768596204e-03
2.194244604316546512e-02 4.335388831791709557e-02 2.396539910928399963e-01 6.212915381980129714e-01 1.712915381980130219e-05 1.712915381980130219e-05 5.310037684138404221e-04 1.046591298389859537e-02 5.534429599177800863e-02 7.382665296334361624e-03
3.601747815230961491e-02 1.379733666250520241e-01 1.598210570120682517e-01 6.702039117769455212e-02 2.080732417811069542e-05 2.080732417811069542e-05 2.080732417811069542e-05 2.080732417811069542e-05 3.558052434456929116e-03 5.955264253017061860e-01
1.430010070493454178e-03 1.325478348439073639e-01 7.200604229607250328e-01 2.014098690835850955e-05 1.035448136958710963e-01 2.014098690835850955e-05 6.868076535750252190e-03 2.638469284994964751e-03 9.083585095669687373e-03 2.378650553877139848e-02
7.326328079392879430e-03 3.009340338587274122e-02 7.142732049036778497e-01 2.918855808523059523e-05 2.387915936952715035e-01 2.918855808523059523e-05 2.918855808523059523e-05 2.918855808523059523e-05 2.918855808523059523e-05 9.369527145359020717e-03
5.298416565164433718e-03 3.717011774259033896e-02 1.804912708079577932e-01 1.463662200568412348e-02 2.030044660982541799e-05 2.030044660982541799e-05 2.030044660982541799e-05 7.355054811205846699e-01 2.681688997157937251e-02 2.030044660982541799e-05
2.181025081788440573e-05 1.177971646673936779e-01 5.627262813522355689e-01 1.112322791712104519e-03 1.766630316248636806e-03 2.181025081788440573e-05 9.618320610687023167e-03 2.181025081788440573e-05 3.040567066521264739e-01 2.857142857142857140e-03
1.538324420677362192e-01 9.933791698497582145e-02 4.586452762923351467e-01 6.900942195059843465e-03 2.152024446142093428e-01 1.298701298701298700e-03 2.546473134708429143e-05 2.546473134708429143e-05 2.930990578049401732e-02 3.542144130379424466e-02
2.921413964358750065e-05 3.128834355828220837e-02 2.647093193105463649e-01 2.921413964358750065e-05 2.921413964358750065e-05 2.921413964358750065e-05 3.213555360794625071e-04 6.883143441425650932e-01 1.492842535787321234e-02 3.213555360794625071e-04
1.497286295793758548e-01 3.706693803708728807e-01 9.658525554047941997e-02 1.063093622795115434e-01 4.748982360922659822e-04 2.295567616463138894e-01 2.261420171867933136e-05 2.261420171867933136e-05 4.231117141564902373e-02 4.319312528267752090e-03
2.814703525641025217e-01 1.043870192307692346e-01 4.681690705128204733e-01 3.227163461538461176e-02 2.003205128205128203e-05 2.005208333333333148e-02 4.909855769230769135e-02 1.622596153846153719e-03 7.431891025641026126e-03 3.547676282051281937e-02
4.101170714660143379e-01 3.390005242005940667e-01 2.135418486807618144e-01 1.747335313646689018e-05 1.747335313646689018e-05 2.081076358553206329e-02 1.747335313646689018e-05 1.747335313646689018e-05 1.644242530141534070e-02 1.747335313646689018e-05
1.853837072018890142e-01 3.598819362455725757e-01 1.457142857142857129e-01 2.108854781582054361e-01 2.361275088547815849e-05 1.773317591499409471e-02 2.361275088547815849e-05 2.361275088547815849e-05 8.030696576151122312e-02 2.361275088547815849e-05
1.107471852610030817e-02 1.680859774820880337e-01 3.635823950870010202e-01 4.428045035823950926e-01 2.047082906857727809e-05 2.047082906857727809e-05 2.047082906857727809e-05 4.728761514841351571e-03 7.594677584442170205e-03 2.067553735926304891e-03
8.919039145907473737e-03 4.135008896797152667e-01 8.009341637010676529e-02 1.356761565836298771e-03 2.224199288256227915e-05 4.312944839857650869e-01 2.224199288256227915e-05 2.224199288256227915e-05 2.048487544483985554e-02 4.428380782918149572e-02
4.086668048932199510e-02 3.278042712004976267e-02 4.654986522911050972e-01 6.325938212730665422e-02 6.033589052456976923e-03 2.073398299813394426e-05 3.006634874559402926e-01 2.073398299813394426e-05 2.656023222060957881e-02 6.429608127721335442e-02
1.657877674519127043e-01 5.686189755781284605e-02 5.591311865139398929e-01 2.161227577263886141e-05 3.263453641668467419e-03 4.538577912254160795e-04 1.610330667819321326e-01 2.574022044521287814e-02 2.768532526475037808e-02 2.161227577263886141e-05
2.154623736428304057e-02 2.317671284163234646e-01 1.926432047922126412e-01 5.634593785099214179e-03 1.871958068139273869e-05 5.202358667165855044e-01 1.141894421564956840e-03 1.871958068139273869e-05 1.967427929614376514e-02 7.319356046424560329e-03
2.280409041980624163e-01 3.075170434158593369e-01 3.073376390383925072e-01 1.811984212414782802e-03 3.785432364549695151e-03 4.468963042698241572e-02 1.794043774668102012e-05 1.794043774668102012e-05 1.067635450304987438e-01 1.794043774668102012e-05
6.140978593272171659e-01 9.177370030581041838e-02 8.351681957186546379e-02 3.058103975535169088e-05 3.058103975535169088e-05 3.058103975535169088e-05 3.058103975535169088e-05 3.058103975535169088e-05 2.104281345565749695e-01 3.058103975535169088e-05
1.849796522382537889e-05 1.507769145394006749e-01 1.480022197558268637e-01 9.267480577136515477e-03 1.849796522382537889e-05 6.798187199408064485e-01 1.849796522382537889e-05 1.849796522382537889e-05 1.204217536071032144e-02 1.849796522382537889e-05
2.337540906965872019e-05 1.311360448807854205e-02 6.360682561944833724e-01 2.337540906965872019e-05 3.448106591865357506e-01 2.337540906965872019e-05 2.337540906965872019e-05 1.893408134642356145e-03 3.529686769518466504e-03 4.908835904628331510e-04
5.578040904198063032e-02 9.173304628632938940e-02 5.778471474703982258e-01 4.781485468245424975e-02 2.152852529601722279e-05 8.417653390742733943e-03 1.703121636167922448e-01 2.152852529601722279e-05 3.188374596340150247e-02 1.616792249730893138e-02
9.457674256909438804e-02 6.972014601077698714e-02 3.693898835390230784e-01 3.459238658091430274e-01 1.738223535546671412e-05 1.738223535546671412e-05 3.146184599339475405e-03 1.738223535546671412e-05 3.582478706761689502e-02 8.136624369893968867e-02
2.238137869292748490e-05 2.643240823634735934e-02 7.670322291853177710e-01 2.238137869292748490e-05 2.238137869292748490e-05 2.238137869292748490e-05 2.063786929274843418e-01 2.238137869292748490e-05 2.238137869292748490e-05 2.238137869292748490e-05
5.927426343154246213e-01 1.655329289428076334e-01 1.681325823223570326e-01 3.271230502599653273e-03 2.166377816291161263e-05 2.190207972270363790e-02 2.166377816291161263e-05 4.549393414211438686e-04 1.691941074523396760e-02 3.100086655112651440e-02
8.695949970220370195e-01 7.686122692078620200e-02 4.827278141751042972e-02 2.977963073257892200e-05 2.977963073257892200e-05 2.977963073257892200e-05 2.977963073257892200e-05 2.977963073257892200e-05 5.092316855270995896e-03 2.977963073257892200e-05
1.570308672219500323e-02 1.857177853993140781e-01 2.212395884370406962e-01 2.229299363057325213e-03 2.449779519843214609e-05 5.335864772170505477e-01 2.719255267025968027e-03 2.449779519843214609e-05 3.750612444879961038e-02 1.249387555120039153e-03
1.628213579433091668e-02 2.296418369589101061e-01 4.832124807734563543e-01 2.197319270490002223e-05 4.416611733684904471e-03 2.878488244341902841e-03 2.263458580531751141e-01 1.056910569105691013e-02 2.551087673038892473e-02 1.120632827949901008e-03
8.985122993077034785e-04 9.019148622772130697e-01 5.598762704374723315e-02 1.472970982471645163e-05 1.472970982471645163e-05 8.985122993077034785e-04 1.472970982471645163e-05 1.472970982471645163e-05 4.022683753130062989e-02 1.472970982471645163e-05
4.343822543203508246e-01 1.942481299974207209e-01 3.224400309517668206e-01 9.569254578282178347e-03 2.579313902501934963e-05 2.220789270054165584e-02 3.120969822027341075e-03 5.700283724529276418e-03 8.279597627031211327e-03 2.579313902501934963e-05
9.509388249545730129e-03 1.439733494851605233e-01 4.849788007268321932e-01 9.307490409852615248e-03 2.018978396931152939e-05 2.846759539672925627e-03 2.986270946900868029e-01 6.258833030486573874e-04 3.192004845548152697e-02 1.819099535634968734e-02
7.726708074534163230e-03 7.281987577639753573e-02 6.584099378881989040e-01 2.484472049689441696e-05 2.581614906832298550e-01 2.484472049689441696e-05 2.484472049689441696e-05 2.484472049689441696e-05 2.484472049689441696e-05 2.757763975155280191e-03
1.042208441688337664e-02 1.420484096819363828e-01 3.248849769953990885e-01 3.722744548909781570e-02 2.200440088017603690e-04 2.000400080016003477e-05 2.220444088817763277e-03 4.579115823164632837e-01 8.221644328865773330e-03 1.682336467293458690e-02
1.033075601374570419e-02 6.595790378006873012e-02 6.507946735395189197e-01 2.147766323024055145e-05 2.435781786941580429e-01 4.510309278350515703e-04 2.147766323024055145e-05 2.686855670103092605e-02 1.954467353951890030e-03 2.147766323024055145e-05
1.126086956521739207e-01 3.663615560640732377e-02 5.464759725400457624e-01 3.228832951945079938e-02 2.540045766590389147e-03 3.684210526315789824e-03 8.260869565217390798e-03 1.787185354691075284e-02 3.411899313501143977e-02 2.055148741418764413e-01
6.592039800995024706e-03 2.027363184079601990e-02 2.045131485429992763e-02 5.933013503909025932e-01 6.236673773987206661e-03 1.547619047619047498e-02 1.050106609808102408e-02 2.825337597725657290e-01 1.867448471926083653e-02 2.595948827292110864e-02
2.995186270406027251e-01 8.059857681038092025e-02 6.138760987861029417e-01 2.113855169526998763e-03 2.113855169526998763e-03 2.092925910422770996e-05 2.092925910422770996e-05 2.092925910422770996e-05 2.092925910422770996e-05 1.695269987442444551e-03
2.204099625303063912e-05 9.105135552126956966e-02 4.326867974432443975e-01 4.055763720520167426e-01 2.204099625303063912e-05 8.177209609874365806e-03 1.060171919770773637e-02 3.328190434207625985e-03 4.167952391448093152e-02 6.854749834692528028e-03
2.130379207498935047e-05 1.485087345547507487e-01 5.128035790370685243e-01 2.343417128248828586e-04 2.950788240306774224e-01 2.130379207498935047e-05 2.130379207498935047e-05 4.473796335747763295e-04 2.878142309331060966e-02 1.408180656156795760e-02
4.481409001956947191e-02 1.207001522070015320e-01 6.751685148945423265e-01 2.174385736029571932e-05 2.174385736029571932e-05 2.174385736029571932e-05 1.528810611002391906e-01 2.174385736029571932e-05 3.283322461404653177e-03 3.065883887801696024e-03
2.689976133651550971e-01 1.205489260143198099e-01 4.656563245823388542e-01 1.694510739856801892e-03 2.386634844868735207e-05 2.386634844868735207e-05 2.386634844868735207e-05 2.221957040572792100e-02 1.124343675417661115e-01 8.377088305489260173e-03
2.406738868832731788e-05 1.133574007220216652e-02 5.612755716004813600e-01 2.406738868832731788e-05 4.142238267148014019e-01 2.406738868832731788e-05 2.406738868832731788e-05 1.133574007220216652e-02 1.708784596871239366e-03 2.406738868832731788e-05
1.095726853791370026e-01 3.098240469208211056e-01 2.681399245915374596e-01 2.788018433179723435e-02 2.094679514034352742e-05 2.184960201089233278e-01 2.094679514034352742e-05 2.094679514034352742e-05 5.888144113950566361e-02 7.142857142857143501e-03
1.707273091564816825e-01 9.438990182328191314e-02 4.370066119014225370e-01 2.352434381887397175e-01 2.003606491685033014e-05 2.987377279102384348e-02 4.207573632538569633e-04 7.433380084151472965e-03 2.466439591264275519e-02 2.203967140853536552e-04
3.698598667585573617e-03 4.527911784975878484e-02 7.317022742935905821e-01 2.297266253158741228e-05 2.297266253158741228e-05 2.297266253158741228e-05 1.555478980013783596e-01 2.526992878474615249e-04 3.928325292901447760e-03 5.952216861934298692e-02
1.908032818164472562e-05 3.054760541881320138e-02 3.051135279526807631e-01 4.025949246327036914e-03 1.908032818164472562e-05 1.908032818164472562e-05 2.098836099980919785e-04 6.491318450677351359e-01 1.089486739171913708e-02 1.908032818164472562e-05
1.024861414412901045e-01 1.530488829161767150e-01 4.502099781622710961e-01 1.679825298168990513e-05 3.075760120947421475e-02 1.679825298168990513e-05 1.847807827985889734e-04 1.679825298168990513e-05 2.689400302368553583e-02 2.363682177053586242e-01
2.262018770350507357e-02 1.111089829534571971e-01 4.629572878758858034e-01 1.247079103619996160e-01 2.509097873970503670e-03 1.915341888527102098e-05 1.915341888527102098e-05 1.915341888527102098e-05 3.275234629381344915e-03 2.727638383451446158e-01
8.123229461756374670e-02 3.047686496694995001e-02 3.116383380547686488e-01 4.879839471199244327e-01 2.953257790368271976e-02 2.596789423984891638e-04 1.843720491029272879e-02 2.646364494806420845e-02 2.360717658168083277e-05 1.395184135977337210e-02
1.940258118234804430e-01 2.081598667776852750e-05 9.369275603663614060e-02 1.813072439633638469e-02 2.081598667776852750e-05 2.081598667776852750e-05 2.081598667776852750e-05 2.081598667776852750e-05 6.940258118234804430e-01 2.081598667776852750e-05
2.606202762574928898e-05 1.772478498827209092e-01 2.231170185040396436e-01 4.847797758665624568e-01 2.606202762574928898e-05 9.515246286161065103e-02 2.606202762574928898e-05 5.473025801407349839e-04 1.905134219442272681e-02 2.606202762574928898e-05
2.362390739428301702e-05 5.459484998818804613e-02 3.562721474131821386e-01 2.435624852350578781e-02 2.362390739428301702e-05 2.362390739428301702e-05 2.362390739428301702e-05 4.772265532719111580e-01 6.309945665012993421e-02 2.435624852350578781e-02
1.404288939051918650e-01 1.794808126410835369e-01 3.657110609480812569e-01 2.483069977426636665e-04 2.494582392776523438e-01 3.408577878103837347e-03 9.954853273137697842e-03 2.257336343115124425e-05 3.207674943566591469e-02 1.920993227990970553e-02
4.467093768200349618e-02 7.786837507280140735e-02 4.490584352552902114e-01 1.941370607649000238e-05 1.941370607649000238e-05 4.076878276062900330e-04 3.533488642981945094e-01 1.941370607649000238e-05 9.726266744321490632e-03 6.486119200155310294e-02
2.079745942131263348e-01 4.201599623617972012e-01 1.962126558456833703e-01 7.529992942836979952e-02 1.554928252175958453e-02 2.140672782874617711e-03 4.728299223712068011e-03 6.374970595154082036e-03 4.448365090566925445e-02 2.707598212185368183e-02
1.940617116242965493e-05 4.872889578886085982e-02 2.845138754123811009e-01 1.940617116242965493e-05 1.940617116242965493e-05 1.940617116242965493e-05 1.940617116242965493e-05 6.522608189404229817e-01 1.437997283136037072e-02 1.940617116242965493e-05
3.273681754549696565e-01 1.451469902006533030e-01 4.293280447970135305e-01 3.056462902473168486e-03 2.333177788147457020e-05 3.989734017732151673e-03 2.333177788147457020e-05 2.333177788147457020e-05 7.211852543163789486e-02 1.892207186187587487e-02
2.343566908835247373e-05 7.243965315209749400e-02 6.032575580032809581e-01 2.577923599718772449e-04 2.343566908835247373e-05 4.921490508554019145e-04 2.981251464729317568e-01 1.429575814389500701e-03 2.392781813920787440e-02 2.343566908835247373e-05
2.359179825595097632e-02 1.018383219420221641e-01 2.159085552674994135e-01 2.029224605232146997e-02 2.356823002592505390e-05 2.356823002592505390e-05 2.356823002592505390e-05 7.306151308036766979e-04 2.356823002592505390e-05 6.375441904312986185e-01
7.563672260612043508e-02 1.516485686080947803e-01 7.403948667324777855e-01 1.974333662388943870e-05 2.864758144126357264e-02 1.204343534057255530e-03 1.974333662388943870e-05 1.974333662388943870e-05 2.171767028627838393e-04 2.191510365251727547e-03
1.693480101608806128e-05 9.027942421676546370e-02 4.994242167654530107e-01 2.558848433530905991e-02 1.693480101608806128e-05 2.152413209144792353e-02 1.058594411515664663e-01 1.693480101608806128e-05 3.574936494496189915e-02 2.215241320914479173e-01
4.515145354746899486e-02 3.090262248424476277e-01 2.905265297824761173e-01 9.981703598292335569e-03 2.032933523073795587e-05 1.187436470827404056e-01 1.240089449075015230e-03 2.032933523073795587e-05 7.948770075218540565e-03 2.173409229518194485e-01
3.516224772457459125e-01 2.667392164622081063e-01 3.035417491096161213e-01 1.978630787495053631e-05 1.978630787495053631e-05 3.464582508903838592e-02 1.978630787495053631e-05 1.978630787495053631e-05 4.335180055401662014e-02 1.978630787495053631e-05
4.326430182489235561e-03 3.241746975599753972e-02 2.192126307156038456e-01 8.406807463604674697e-04 2.050440844781628181e-05 2.050440844781628181e-05 2.050440844781628181e-05 7.113184334631945660e-01 3.180233750256304670e-02 2.050440844781628181e-05
3.181610247026532556e-02 1.688243366880146368e-01 5.624656907593778010e-01 4.803293687099725894e-04 1.948993595608417284e-01 9.377859103385177914e-04 3.682525160109789870e-03 7.090576395242452175e-04 2.106587374199450982e-02 1.511893870082342030e-02
1.642966528112010244e-02 2.338875519579960427e-01 4.417195362065193254e-01 2.675782104572303477e-01 2.187705097352877055e-05 1.117917304747320130e-02 2.187705097352877055e-05 2.187705097352877055e-05 1.642966528112010244e-02 1.271056661562021406e-02
6.155954160438464884e-02 4.038365719980069324e-02 1.739162929745889374e-01 9.990034877927255266e-03 2.740408570004982617e-04 2.491280518186347957e-05 2.491280518186347957e-05 2.740408570004982617e-04 2.491280518186347957e-05 7.135276532137518890e-01
4.288280197575213351e-03 8.960484957341716128e-02 2.243152222721149502e-01 6.522451728783116298e-01 2.245172878311630231e-05 2.043107319263583188e-03 2.245172878311630231e-05 2.245172878311630231e-05 2.741356084418499969e-02 2.245172878311630231e-05
2.313208420078649154e-05 2.569974554707378858e-02 5.528799444829979315e-01 2.313208420078649154e-05 3.810085588711542570e-01 2.313208420078649154e-05 2.313208420078649154e-05 1.968540365486930177e-02 2.061068702290076368e-02 2.313208420078649154e-05
7.154074332577210846e-04 1.134357005758157427e-01 5.412842435875064862e-01 4.625719769673704990e-02 1.744896178677368689e-05 1.744896178677368689e-05 1.744896178677368689e-05 2.408131216192636315e-01 3.194904903158261866e-02 2.549293317047635413e-02
2.598077422707197168e-05 5.900233826968043910e-02 4.274097168095609689e-01 2.598077422707197168e-05 2.598077422707197168e-05 2.598077422707197168e-05 2.598077422707197168e-05 5.035333852948817857e-01 9.898674980514421060e-03 2.598077422707197168e-05
2.672279160566129463e-01 9.616886285993167527e-02 6.232552464616886168e-01 7.589067837969741895e-03 2.440214738897023141e-05 2.440214738897023141e-05 7.564665690580771535e-04 2.440214738897023141e-05 4.416788677403611987e-03 5.124450951683748529e-04
5.639002732240437910e-01 2.008538251366120686e-01 1.892418032786885584e-01 2.766393442622951115e-03 3.415300546448088106e-05 1.400273224043715927e-03 3.415300546448088106e-05 9.255464480874319236e-03 8.913934426229510113e-03 2.359972677595628676e-02
9.451134784622511331e-02 5.407827698008337292e-01 3.024779990736451984e-01 3.960166743862899436e-03 3.496989346919870262e-03 2.315886984715145869e-05 2.315886984715145869e-05 1.808707735062528923e-02 3.661417322834645272e-02 2.315886984715145869e-05
8.019227280972247851e-02 3.130963177943043574e-01 2.214946490114275135e-01 1.650643932523127109e-03 2.514239071286050731e-01 2.087792490477054230e-02 1.813894431344095795e-05 2.557591148195174999e-03 7.402503174315255841e-02 3.466352258298566885e-02
1.788740920096852649e-02 7.209745762711865513e-01 1.192796610169491733e-01 3.026634382566586643e-05 9.412832929782084107e-03 2.515133171912833226e-02 3.026634382566586643e-05 3.026634382566586643e-05 9.294794188861987827e-02 1.425544794188862187e-02
7.485651214128036246e-02 1.028918322295805793e-01 6.119426048565120846e-01 2.207505518763796908e-05 2.207505518763796908e-05 2.207505518763796908e-05 2.015673289183222971e-01 2.207505518763796908e-05 8.410596026490066435e-03 2.428256070640176869e-04
1.820126544139801517e-01 3.727327508285628310e-01 1.190418800843627833e-01 5.754745405242543861e-03 6.327206990057247489e-04 2.886712865320880117e-01 6.327206990057247489e-04 3.012955709551070265e-05 3.046098222356131632e-02 3.012955709551070265e-05
8.495231367008124201e-03 8.779583186153303020e-02 3.905157188272694868e-01 4.272518544683857056e-01 1.766160367361356494e-05 9.908159660897209939e-03 1.414694454256446368e-02 2.756976333451077385e-02 8.141999293535854068e-03 2.615683504062168638e-02
3.523746990588750693e-03 6.765156489384986649e-02 8.387174436419347900e-01 1.335084263514992216e-03 2.344057780695994742e-02 2.188662727073758003e-05 9.870868899102647892e-03 2.188662727073758003e-05 1.227839789888378157e-02 4.313854235062376807e-02
2.803954263935207192e-01 1.998808956646022095e-01 3.925917103382562945e-01 2.382086707956169696e-05 9.649833253930444055e-02 2.382086707956169696e-05 2.382086707956169696e-05 2.382086707956169696e-05 1.812767984754645040e-02 1.241067174845164427e-02
3.027550711474417291e-05 7.238873751135331547e-02 1.353617923100212117e-01 7.901907356948229336e-03 3.027550711474417291e-05 3.027550711474417291e-05 6.388132001211020358e-03 6.357856494096276751e-04 3.057826218589161128e-03 7.741749924311231990e-01
3.123271050715845654e-01 1.007279786459597259e-01 4.193399660276631580e-01 2.426595486532395147e-05 1.446493569521960787e-01 5.095850521718030181e-04 2.426595486532395147e-05 1.965542344091240120e-03 1.773841300655180572e-02 2.693520990050958346e-03
2.602222222222222089e-02 2.240222222222222337e-01 6.691333333333333577e-01 2.222222222222222329e-05 4.824444444444444396e-02 2.691111111111111134e-02 2.222222222222222329e-05 2.222222222222222329e-05 1.355555555555555377e-03 4.244444444444444783e-03
9.268004722550175767e-03 6.790633608815425937e-02 8.711334120425028305e-01 1.967729240456512812e-05 9.661550570641478167e-03 5.332546241637150033e-03 1.397087760724124083e-03 1.084218811491538537e-02 8.677685950413221300e-03 1.576151121605666797e-02
4.217299578059071630e-01 1.038677918424753960e-01 3.349976558837318152e-01 1.901078293483356510e-02 6.821378340365682157e-03 1.010314111579934358e-02 2.344116268166901348e-05 2.674636661978433902e-02 5.464135021097046158e-02 2.205813408345053822e-02
2.159360829194558685e-05 3.133232563161304080e-02 3.936730727704599309e-01 6.499676095875621049e-03 2.159360829194558685e-05 9.503347009285252611e-02 4.413949470956596843e-01 2.180954437486503760e-03 2.159360829194558685e-05 2.982077305117684929e-02
2.422062350119904076e-02 3.664704599956398329e-02 4.626335295400043623e-01 4.369086548942663906e-01 2.180074122520165764e-05 1.765860039241334096e-03 3.291911925005450070e-03 2.180074122520165764e-05 1.765860039241334096e-03 3.272291257902768674e-02
1.846722068328716677e-05 1.529270544783010166e-01 6.164542936288088804e-01 5.558633425669436655e-03 3.104339796860572376e-02 1.774699907663896542e-02 1.846722068328716677e-05 1.126500461680517064e-03 1.700831024930747962e-02 1.580978762696214346e-01
2.123142250530785701e-05 1.912951167728237784e-02 7.053290870488322373e-01 6.581740976645435301e-04 1.295116772823779166e-03 2.123142250530785701e-05 2.620169851380042547e-01 2.356687898089171711e-03 8.513800424628450644e-03 6.581740976645435301e-04
1.842638658559056516e-05 7.040722314354155853e-02 5.891100055279159253e-01 1.958909157914132948e-01 1.842638658559056516e-05 2.747374239911553120e-02 9.600147411092685781e-03 3.668693569191081721e-02 2.857932559425096705e-02 4.221485166758798258e-02
7.611800515101850573e-02 1.145165066729103287e-01 3.086162491219854864e-01 4.263872629360805355e-01 2.341372044017794426e-05 3.678295481151954566e-02 2.341372044017794426e-05 2.575509248419574106e-04 2.062748770779676902e-02 1.664715523296651789e-02
4.032176121930567542e-02 1.024724809483488625e-01 1.964606265876375768e-01 1.693480101608806128e-05 1.693480101608806128e-05 6.157662997459779630e-01 1.693480101608806128e-05 4.589331075359864495e-03 3.964436917866214632e-02 6.943268416596104888e-04
9.263869132290184980e-03 7.754267425320057749e-02 5.014402560455192281e-01 1.955903271692745443e-04 1.778093883357041404e-05 2.777560455192034095e-01 1.778093883357041404e-05 1.218172119487909016e-01 7.663584637268848129e-03 4.285206258890469563e-03
1.616901408450704264e-02 1.279061032863849923e-01 1.844319248826291058e-01 1.877934272300469426e-05 1.877934272300469426e-05 6.390798122065727283e-01 2.835680751173708884e-03 1.877934272300469426e-05 2.443192488262910592e-02 5.089201877934272818e-03
4.697826086956521929e-02 1.439347826086956605e-01 5.798043478260869188e-01 3.934782608695652426e-03 2.013260869565217381e-01 9.586956521739129974e-03 2.173913043478261018e-05 8.282608695652175085e-03 2.173913043478261018e-05 6.108695652173913755e-03
1.197694278394534698e-02 8.605892399658411629e-02 6.612083689154568678e-01 1.515798462852262869e-03 7.707087959009394085e-03 2.134927412467976134e-05 2.045473953885567908e-01 2.094363791631084423e-02 5.999146029035013448e-03 2.134927412467976134e-05
1.973015873015873112e-01 1.673696145124716483e-01 6.131746031746031500e-01 4.761904761904761901e-04 2.063492063492063273e-03 1.181405895691610072e-02 2.267573696145124763e-05 2.267573696145124763e-05 2.267573696145124763e-05 7.732426303854875865e-03
3.850199999999999734e-01 1.260199999999999931e-01 3.938200000000000034e-01 2.801999999999999977e-02 2.000000000000000164e-05 2.000000000000000164e-05 8.199999999999999824e-04 2.000000000000000164e-05 3.261999999999999622e-02 3.361999999999999711e-02
1.564414072386737797e-01 7.570235383447229682e-02 5.487471526195900617e-01 4.128068843330802429e-02 2.531004808909137387e-05 2.531004808909137387e-05 8.202986585674514053e-02 2.660086054163503244e-02 4.305239179954442608e-02 2.609465957985320286e-02
3.709526044110746101e-02 2.909666823087752041e-01 3.151337400281557510e-01 8.097137494134210023e-02 2.346316283435007083e-05 2.653683716564992842e-02 1.665884561238854941e-03 2.346316283435007083e-05 2.039183481933364572e-01 4.366494603472548253e-02
1.126279863481228702e-02 2.254768118851636083e-01 3.411162417185303886e-01 5.221843003412969531e-02 2.007628990162618187e-05 2.009636619152780496e-02 2.007628990162618187e-05 2.007628990162618187e-05 4.035334270226862384e-03 3.457337883959044067e-01
2.047921359819782956e-05 7.251689535121852437e-02 5.890026622977677651e-01 3.501945525291828929e-03 2.068400573417980819e-03 2.771042391972148300e-01 2.047921359819782956e-05 4.241245136186770626e-02 1.333196805242678647e-02 2.047921359819782956e-05
2.625000000000000250e-02 1.365441176470588436e-01 5.909558823529412752e-01 8.164215686274511885e-02 1.571078431372549197e-02 1.056372549019607941e-02 3.946078431372550092e-03 2.450980392156863321e-05 2.183823529411764788e-02 1.125245098039215907e-01
5.181910055583628660e-02 2.276402223345123932e-02 4.487367357251137445e-01 1.013137948458817800e-02 2.526528549772612701e-05 2.526528549772612701e-05 4.600808489135927576e-02 1.035876705406771217e-03 1.063668519454269955e-02 4.088175846387064327e-01
1.876172607879925223e-04 1.763772812553300318e-01 2.225993518676445404e-01 6.210131332082551719e-02 5.287395531297970318e-04 6.157257376769572320e-03 1.705611461709022683e-05 2.234351014838819715e-03 9.397919154016715418e-03 5.203991130820398991e-01
4.156223175965664818e-02 1.409613733905579480e-01 4.995879828326180161e-01 1.390557939914162941e-03 1.716738197424892964e-05 1.716738197424892964e-05 1.888412017167382057e-04 1.716738197424892964e-05 1.203433476394849717e-02 3.042231759656652268e-01
2.105059084194977614e-01 2.823301329394387049e-01 2.448485967503692684e-01 3.085302806499261308e-02 1.126292466765140303e-03 7.479689807976366844e-02 4.266986706056129924e-02 1.846381093057607281e-05 4.082348596750369485e-02 7.202732644017725838e-02
4.584151931892599939e-04 1.995415848068107512e-01 7.699410609037328213e-01 2.401222440515171435e-04 1.028159790438768796e-02 1.549879938877974164e-03 9.190133158698973737e-03 2.182929491377428639e-05 8.753547260423488741e-03 2.182929491377428639e-05
2.683443085606772999e-02 1.959313264346189964e-01 7.523753527751646519e-01 2.351834430856067736e-05 4.938852304797742686e-04 1.434619002822201282e-03 2.351834430856067736e-05 2.351834430856067736e-05 4.256820319849482538e-03 1.860301034807149492e-02
7.336961350510884383e-01 1.721679253665037712e-01 4.933362949800088743e-02 2.443358507330075703e-04 2.221235006663705184e-05 1.132829853398489373e-03 2.221235006663705184e-05 2.221235006663705184e-05 3.689471346068413926e-02 6.463793869391381598e-03
3.611859838274932358e-03 7.709074573225516147e-01 1.351482479784366364e-01 1.976639712488768917e-04 1.796945193171607983e-05 2.517520215633422750e-02 1.044025157232704275e-02 1.796945193171607983e-05 5.284815813117699212e-02 1.635220125786163116e-03
1.229723805348531367e-02 1.050197281893906209e-01 6.295703638754931442e-01 6.795265234546251981e-04 1.317404647084612079e-02 2.192021043402016801e-05 2.021262604120999673e-01 1.427005699254712753e-02 2.192021043402016801e-05 2.281893906181499052e-02
2.392527119325029913e-02 1.691643230212936944e-01 7.517276014463639688e-01 2.832462836480514196e-03 2.008838891120932294e-05 3.818802732020892127e-02 2.008838891120932294e-05 2.008838891120932294e-05 1.408196062675773352e-02 2.008838891120932294e-05
2.464875523786049606e-05 3.576534385013557804e-02 6.090953906827706321e-01 2.464875523786049606e-05 2.985210746857284159e-01 2.464875523786049606e-05 2.464875523786049606e-05 4.217402021197930173e-02 1.432092679319694681e-02 2.464875523786049606e-05
1.954502369668246337e-02 1.203981042654028444e-01 3.914881516587677690e-01 1.895734597156398054e-05 1.895734597156398054e-05 1.895734597156398054e-05 1.895734597156398054e-05 2.163033175355450269e-02 1.302559241706161275e-01 3.166066350710900479e-01
8.043672014260249206e-03 1.018493761140819992e-01 5.550579322638146129e-01 2.921122994652406227e-02 2.450980392156862711e-04 2.228163992869875500e-05 2.228163992869875500e-05 8.446969696969697239e-02 1.985294117647058709e-02 2.012254901960784381e-01
2.063131834124200798e-05 4.706003713637301605e-02 4.677326181142975048e-01 4.233752836806271569e-01 2.909015886115122723e-03 3.115329069527542592e-03 1.611305962451000523e-02 2.023932329275840436e-02 6.622653187538684282e-03 1.281204868991128558e-02
1.604878831648210569e-05 8.509228053281976401e-01 6.437168993740971512e-02 1.604878831648210569e-05 1.604878831648210569e-05 1.686727652062269128e-02 1.604878831648210569e-05 1.604878831648210569e-05 6.774193548387096031e-02 1.604878831648210569e-05
9.606179945471070292e-02 2.263253559527416137e-01 1.493789760678582434e-01 3.029385034837928236e-05 6.361708573159648855e-04 3.029385034837928236e-05 2.984247197818842845e-01 3.029385034837928236e-05 2.290518024840957345e-01 3.029385034837928236e-05
1.745412844036697136e-02 2.112385321100917340e-02 5.913073394495412805e-01 2.293577981651376139e-05 3.674541284403669561e-01 2.293577981651376139e-05 2.545871559633027317e-03 2.293577981651376139e-05 2.293577981651376139e-05 2.293577981651376139e-05
2.497502497502497839e-05 6.021478521478521723e-02 6.026723276723277012e-01 2.497502497502497839e-05 1.958291708291708677e-01 2.497502497502497839e-05 2.497502497502497839e-05 1.266483516483516703e-01 1.451048951048951319e-02 2.497502497502497839e-05
2.063557573256294053e-05 9.184894758563764972e-02 6.712959141560049803e-01 4.354106479570780605e-03 2.269913330581923357e-04 8.893933140734626777e-03 1.859471729261246431e-01 9.513000412711514892e-03 2.787866281469252722e-02 2.063557573256294053e-05
2.957999644064779887e-01 1.582310019576437243e-01 4.161060686954973775e-01 4.112831464673429027e-02 1.779676098949991065e-05 1.957643708844990476e-04 2.865278519309485787e-03 1.957643708844990476e-04 4.184018508631429101e-02 4.361986118526427897e-02
2.417996453900709067e-02 3.912012411347517427e-01 5.000221631205673534e-01 2.216312056737588802e-05 7.335992907801418619e-03 4.966755319148936226e-02 2.216312056737588802e-05 2.216312056737588802e-05 2.216312056737588802e-05 2.750443262411347498e-02
7.845907808090309965e-01 1.112135465663217221e-01 4.103480714957666309e-02 4.534336782690498273e-03 1.881467544684854121e-05 1.881467544684854121e-05 1.881467544684854121e-05 1.881467544684854121e-05 5.533396048918155785e-02 3.217309501411100368e-03
1.416882857713031192e-03 4.292556375972859939e-02 2.943723807623228605e-01 1.995609658750748607e-05 1.995609658750748607e-05 1.995609658750748607e-05 2.396727200159648810e-02 6.294352424665735635e-01 7.603272799840351398e-03 2.195170624625823264e-04
2.001601281024819925e-05 3.715172137710168188e-01 1.383306645316252914e-01 2.001601281024819925e-05 2.001601281024819925e-05 4.475780624499599569e-01 2.001601281024819925e-05 2.001601281024819925e-05 4.245396317053642954e-02 2.001601281024819925e-05
1.843657817109144517e-05 1.568952802359881854e-02 2.537057522123893905e-01 1.843657817109144517e-05 1.862094395280235962e-03 2.028023598820059240e-04 7.558997050147491436e-04 7.162794985250737767e-01 1.034292035398230031e-02 1.124631268436578155e-03
1.306371080487317704e-01 1.336329139205112981e-01 4.755542240862791759e-01 4.194128220491312150e-04 2.241062512482524249e-01 1.997203914519672549e-05 1.997203914519672549e-05 1.997203914519672549e-05 1.759536648691831240e-02 1.799480726982224943e-02
1.302021696252465555e-01 3.676035502958580059e-02 1.171351084812623372e-01 1.925542406311636992e-02 2.465483234714004203e-05 2.465483234714004203e-05 2.465483234714004203e-05 2.465483234714004203e-05 6.965236686390532395e-01 2.465483234714004203e-05
2.289377289377289375e-05 9.638278388278388731e-03 2.349130036630036333e-01 9.180402930402930747e-03 2.289377289377289375e-05 2.289377289377289375e-05 2.289377289377289375e-05 7.275869963369963056e-01 1.856684981684981681e-02 2.289377289377289375e-05
6.348892405063291146e-03 8.130933544303797778e-02 4.930973101265822556e-01 6.469541139240506111e-02 1.977848101265822822e-05 2.197389240506329028e-02 1.977848101265822822e-05 1.002966772151898805e-01 9.513449367088607986e-03 2.227254746835442833e-01
2.674511901577962861e-05 1.821342604974592397e-02 5.624765980208612515e-01 2.674511901577962861e-05 4.164482481947045511e-01 2.674511901577962861e-05 2.166354640278149619e-03 5.616474993313722280e-04 2.674511901577962861e-05 2.674511901577962861e-05
1.354652453919609175e-03 7.597157450588497285e-02 6.522540528536531212e-01 2.220741727737064221e-05 2.447479458139018293e-01 4.663557628247834864e-04 2.220741727737064221e-05 2.220741727737064221e-05 1.245836109260493006e-02 1.268043526537863605e-02
6.313179477398436247e-03 5.882319282853327724e-01 1.110242227732214371e-01 9.174136944497425852e-03 1.907304978065992921e-05 1.707228685866870044e-01 9.727255388136562576e-04 1.907304978065992921e-05 9.977112340263208368e-02 1.375166889185580610e-02
9.098884534217667186e-01 4.012662044015677387e-02 3.047934880916491202e-02 3.014772384684957034e-05 3.316249623153452839e-04 3.014772384684957034e-05 3.014772384684957034e-05 3.014772384684957034e-05 7.567078685559241839e-03 1.148628278564968463e-02
1.820191599115696460e-02 6.364529599606977284e-02 6.976418570375829686e-01 2.456398919184476042e-05 2.203635470400393259e-01 2.456398919184476042e-05 2.456398919184476042e-05 2.456398919184476042e-05 2.456398919184476042e-05 2.456398919184476042e-05
3.936430317848410576e-02 9.359857746165814452e-02 6.088241831518115266e-01 3.578573016225828230e-03 3.578573016225828230e-03 1.133585241164703113e-03 2.467214936652589383e-03 2.444987775061125009e-04 4.667703934207601945e-04 2.467437208268503934e-01
4.893724318266716167e-01 3.081994770265222283e-01 1.266529697422487943e-01 5.790063503922301697e-04 2.054538662682107010e-04 1.867762420620097344e-05 1.867762420620097344e-05 1.867762420620097344e-05 7.491595069107209737e-02 1.867762420620097344e-05
4.538577912254160795e-04 4.692025070239896206e-02 4.901880267992219653e-01 2.377350334990274586e-04 4.776312945753188009e-03 2.161227577263886141e-05 4.560406310784525519e-01 2.161227577263886141e-05 4.538577912254160795e-04 8.861033066781931044e-04
2.552322613578357016e-05 3.141909137314956996e-02 4.091628381827463468e-01 5.359877488514549430e-04 2.552322613578357016e-05 1.301684532924961973e-03 2.552322613578357016e-05 5.217202654415519225e-01 2.988769780500255893e-02 5.895865237366004590e-03
2.241066020593579684e-03 9.228750252372300289e-02 6.511407227942660469e-01 2.018978396931152939e-05 2.220876236624268402e-04 2.018978396931152939e-05 2.005047445992327870e-01 4.239854633555421273e-04 2.263274782959822165e-02 3.050676357762971760e-02
7.269503546099290647e-04 1.546276595744680848e-01 2.337056737588652233e-01 1.773049645390070906e-05 4.381205673758865188e-02 1.773049645390070906e-05 5.613652482269503308e-01 4.627659574468085193e-03 1.081560283687943219e-03 1.773049645390070906e-05
2.359046945034206372e-05 2.196272705826845736e-02 4.230007077140834904e-01 2.359046945034206372e-05 2.196272705826845736e-02 4.953998584571833686e-04 2.594951639537627247e-04 5.319886765746638657e-01 2.594951639537627247e-04 2.359046945034206372e-05
2.005943536404160722e-03 4.212481426448737298e-02 2.506438831104507714e-01 2.748885586924220120e-03 2.476473501733531801e-05 2.476473501733531801e-05 2.476473501733531801e-05 6.939326399207529361e-01 8.444774640911343472e-03 2.476473501733531801e-05
1.593117731400350387e-05 8.394296638521585585e-01 5.099569858212521511e-02 1.593117731400350387e-05 1.593117731400350387e-05 1.593117731400350387e-05 1.593117731400350387e-05 1.593117731400350387e-05 1.094631193245180628e-01 1.593117731400350387e-05
3.058345800384697569e-02 2.740115409275485914e-01 1.592434280829237159e-01 6.755717033554178852e-02 1.303697371233169351e-03 4.377217354135498617e-01 2.137208805300278046e-05 3.227185296003419294e-03 1.946997221628552974e-02 6.860440265013892543e-03
1.433839479392624676e-02 7.941431670281996757e-02 6.629284164859001738e-01 2.169197396963123682e-05 2.314750542299349179e-01 2.169197396963123682e-05 2.169197396963123682e-05 8.893709327548806080e-04 6.724511930585683889e-04 1.021691973969631254e-02
