1.517450682852807415e-05 1.629893778452200237e-01 4.142792109256449029e-01 1.517450682852807415e-05 1.517450682852807415e-05 3.795295902883156214e-01 1.517450682852807415e-05 2.277693474962063508e-02 1.336874051593323065e-02 6.995447647951441757e-03
1.462711166048619518e-03 1.749278945199835289e-01 3.325298722702925147e-01 2.060156571899464430e-05 2.511536876802636931e-01 6.613102595797280478e-03 8.446641944787802638e-04 2.324062628759785420e-01 2.060156571899464430e-05 2.060156571899464430e-05
2.364066193853427988e-05 4.000236406619385177e-01 9.151300236406620381e-02 1.917257683215129946e-02 4.768557919621749241e-01 2.364066193853427988e-05 6.170212765957447214e-03 6.170212765957447214e-03 2.364066193853427988e-05 2.364066193853427988e-05
1.760873393203028092e-05 4.403944356400773391e-02 8.929388976932556288e-02 1.760873393203028092e-05 2.306744145095966821e-03 1.760873393203028092e-05 8.612607853495332089e-01 1.760873393203028092e-05 1.760873393203028092e-05 3.011093502377178328e-03
1.734304543877905144e-05 1.729275060700659061e-01 7.580645161290322509e-02 6.628685397155740233e-01 6.990981616371835794e-02 4.873395768296913053e-03 1.734304543877905144e-05 8.844953173777314170e-04 3.642039542143600431e-04 1.233090530697190414e-02
1.639613051319888467e-05 1.452861124774553203e-01 1.639613051319888467e-05 1.639613051319888467e-05 7.888178389899984377e-02 1.639613051319888467e-05 1.803574356451877517e-04 1.803574356451877517e-04 1.639613051319888467e-05 7.753894080996884819e-01
2.275312855517633810e-05 2.282366325369738491e-01 3.172013651877133023e-01 2.275312855517633810e-05 5.258248009101251091e-02 7.303754266211604819e-03 2.502844141069397428e-04 8.668941979522185037e-03 2.275312855517633810e-05 3.856882821387940807e-01
1.734605377276669214e-05 9.162359063313095797e-01 5.777970511708585555e-02 1.734605377276669214e-05 1.734605377276669214e-05 1.198612315698178304e-02 1.734605377276669214e-05 1.337380745880311847e-02 3.642671292281005383e-04 1.908065915004336372e-04
3.190810465858328644e-05 4.566049776643267555e-02 1.184109763880025756e-01 3.509891512444161441e-04 8.111359285258457064e-01 3.190810465858328644e-05 3.190810465858328644e-05 3.190810465858328644e-05 3.190810465858328644e-05 2.428206764518187760e-02
2.055498458376156331e-05 4.154162384378211337e-02 3.237615621788283438e-01 2.055498458376156331e-05 2.055498458376156331e-05 2.055498458376156331e-05 2.055498458376156331e-05 1.667009249743062541e-02 6.179033915724563286e-01 2.055498458376156331e-05
2.567394094993581655e-05 3.263157894736842118e-02 2.221052631578947500e-01 2.567394094993581655e-05 2.824133504492940092e-04 2.567394094993581655e-05 1.822849807445442840e-03 7.984595635430039029e-03 7.299358151476251777e-01 5.160462130937099046e-03
7.983050847457626858e-03 5.577966101694915857e-02 1.915423728813559212e-01 2.238983050847457440e-02 4.205084745762711906e-02 1.864406779661016993e-04 1.694915254237288113e-05 1.694915254237288113e-05 1.577966101694915080e-02 6.642542372881355961e-01
5.059484873262468652e-01 1.396361406377759629e-01 1.664145543744889599e-01 1.451349141455437423e-03 6.073180703188880286e-02 2.044153720359771328e-05 4.292722812755519145e-04 2.044153720359771328e-05 2.044153720359771328e-05 1.253270645952575812e-01
1.825279552715655118e-01 1.372004792332268408e-01 6.661541533546325722e-01 3.614217252396166331e-03 2.216453674121405572e-03 6.190095846645367371e-04 3.813897763578274949e-03 1.996805111821086314e-05 3.414536741214057713e-03 4.193290734824281192e-04
3.226744186046512104e-03 6.078488372093023701e-02 6.884011627906977404e-01 2.906976744186047013e-05 1.979651162790697916e-02 2.906976744186047013e-05 2.354651162790697728e-03 3.197674418604651986e-04 2.250290697674418861e-01 2.906976744186047013e-05
2.007226013649136836e-05 6.866720192693698266e-02 1.322962665596146281e-01 4.636692091529506614e-03 2.007226013649136836e-05 2.007226013649136836e-05 2.629466077880369262e-03 6.443195503813729970e-03 7.499197109594539778e-01 3.534725010036129933e-02
2.164502164502164500e-05 1.482900432900433052e-01 5.179870129870129958e-01 2.164502164502164500e-05 6.731601731601731704e-03 2.164502164502164500e-05 9.978354978354978672e-03 3.158225108225107824e-01 1.103896103896103787e-03 2.164502164502164500e-05
2.527167045741724133e-05 1.071771544099065221e-01 4.367197371746273094e-01 3.310588829921658465e-03 3.861763962597928312e-01 2.527167045741724133e-05 2.378064190042962142e-02 3.287844326509983123e-02 2.527167045741724133e-05 9.881223148850142024e-03
2.891844997108155072e-05 5.815500289184499794e-02 2.365818392134181603e-01 2.891844997108155072e-05 2.891844997108155072e-05 2.891844997108155072e-05 2.891844997108155072e-05 8.126084441873916361e-03 6.923366107576633954e-01 4.655870445344129950e-03
3.387929100291676033e-03 4.101637873008749935e-01 5.903073816468477203e-02 2.243661655822302184e-05 1.705407224590531901e-01 2.122728292573480002e-01 2.243661655822302184e-05 2.243661655822302184e-05 2.243661655822302184e-05 1.445142472515144882e-01
2.404132724021458469e-03 1.305583151202066305e-01 4.119014504271805710e-01 1.986886548778064960e-05 3.375918935028809909e-01 2.445857341545797786e-02 4.651301410689449856e-02 4.788396582555136394e-03 1.609378104510232350e-03 4.015497715080468960e-02
1.723840717117738295e-05 3.516807446991898067e-01 1.772280641268746681e-01 3.620065505947250893e-04 4.392518531287709083e-01 2.846061023961385730e-02 1.723840717117738295e-05 1.723840717117738295e-05 2.947767626271332979e-03 1.723840717117738295e-05
2.346316283435007083e-05 4.007742843735335181e-01 9.927264195213515718e-02 2.346316283435007083e-05 2.370014077897700799e-01 1.527451900516189377e-02 2.369779446269357215e-03 2.346316283435007083e-05 2.346316283435007083e-05 2.452135147817925687e-01
4.204204204204204450e-04 1.850050050050049966e-01 3.759959959959959797e-01 3.517717717717717685e-01 9.229229229229229600e-03 5.625625625625625507e-03 2.002002002002001958e-05 2.002002002002001958e-05 4.024024024024024267e-03 6.788788788788789608e-02
4.715645054215534399e-02 3.658110201371984616e-01 5.622925425979198588e-02 1.816773622482849987e-02 1.838902412038061554e-02 4.937154237663199385e-01 4.647045806594379326e-04 2.212878955521133061e-05 2.212878955521133061e-05 2.212878955521133061e-05
2.051282051282051511e-05 4.925128205128204845e-02 4.562256410256410044e-01 2.256410256410256560e-04 5.109743589743589304e-02 2.051282051282051511e-05 3.528410256410255963e-01 1.046153846153846179e-03 6.789743589743589894e-03 8.248205128205128578e-02
6.379821958456973439e-03 7.611275964391692184e-02 5.572488342518016058e-01 1.292920729122509467e-03 1.681008902077151257e-01 2.119542178889359966e-05 1.583509961848240943e-01 8.075455701568461792e-03 2.439593047901653100e-02 2.119542178889359966e-05
4.482053189510879811e-03 2.728473126278593841e-01 1.447089455086479626e-01 9.484842849172400638e-04 2.252185233401524794e-02 5.265203645155290824e-01 2.622280081830016558e-03 1.859773107680863050e-05 6.155848986423656521e-03 1.917426074018969626e-02
1.783166904422253909e-05 3.634272467902995296e-01 2.580420827389443561e-01 1.927603423680456299e-02 2.830064194008559131e-01 5.975392296718973206e-02 1.961483594864479537e-04 1.463980028530670330e-02 1.783166904422253909e-05 1.622681883024251108e-03
3.036744609778318341e-05 1.731248102034619318e-01 4.831460674157304208e-02 1.491041603401154284e-02 7.634679623443668683e-01 3.036744609778318341e-05 3.036744609778318341e-05 3.036744609778318341e-05 3.036744609778318341e-05 3.036744609778318341e-05
1.833852924995415420e-05 1.757014487438107453e-01 1.234366403814414065e-01 1.833852924995415420e-05 1.833852924995415420e-05 6.867962589400330442e-01 2.017238217494957131e-04 2.017238217494957131e-04 1.833852924995415420e-05 1.358885017421602656e-02
2.320185614849188082e-05 3.761020881670533444e-02 5.847099767981438490e-01 2.320185614849188082e-05 7.192575406032483123e-04 2.320185614849188082e-05 1.139211136890951395e-02 2.320185614849188082e-05 3.654524361948955913e-01 2.320185614849188082e-05
2.355964874705504693e-04 1.653673163418290792e-01 5.174769757978153750e-01 1.306489612336688821e-03 4.756907260655386660e-02 2.163204112229599480e-03 1.979224673377596999e-01 2.141786249732276716e-05 2.141786249732276716e-05 6.791604197901049411e-02
6.708991077556623536e-03 1.285346602608098965e-01 2.980610844200411447e-01 1.715854495538778252e-05 1.230439258750857939e-01 5.319148936170212854e-04 3.141729581331503124e-02 1.715854495538778252e-05 7.035003431708990564e-04 4.109643102264927683e-01
2.214839424141749847e-05 2.482834994462901346e-02 7.422148394241416813e-01 2.214839424141749847e-05 2.214839424141749847e-05 2.214839424141749847e-05 2.323588039867109378e-01 2.214839424141749847e-05 2.214839424141749847e-05 4.651162790697674679e-04
3.336182945073733891e-02 2.120324855738405789e-01 1.357341312246206633e-01 4.936952340243641948e-03 5.864714682624492248e-01 1.263090403932464259e-02 5.791835862363752842e-03 2.137208805300278046e-05 4.488138491130583491e-04 8.570207309254115197e-03
2.935133548576460686e-05 8.837687114763723151e-02 2.732609333724684772e-02 2.935133548576460686e-05 8.837980628118580206e-01 2.935133548576460686e-05 2.935133548576460686e-05 3.228646903434107093e-04 2.935133548576460686e-05 2.935133548576460686e-05
2.436053593179050023e-05 1.973447015834348395e-01 2.153714981729598077e-01 2.704019488428745146e-03 2.024360535931790314e-02 5.437515225334956792e-01 2.436053593179050023e-05 1.171741778319122969e-02 4.896467722289890925e-03 3.922046285018270483e-03
2.390265102129509201e-04 2.416558018252933371e-01 4.465667101260321625e-01 2.172968274663189967e-05 2.283789656671012316e-02 6.757931334202520700e-03 2.368752716210343057e-01 3.261625380269447816e-02 1.240764884832681533e-02 2.172968274663189967e-05
1.456664238892935061e-05 9.539839766933720933e-01 3.380917698470502220e-02 4.675892206846321390e-03 1.456664238892935061e-05 6.132556445739256214e-03 1.456664238892935061e-05 1.325564457392570863e-03 1.456664238892935061e-05 1.456664238892935061e-05
8.748075936377630937e-03 1.857619291944587192e-01 2.791431503335043973e-01 1.131349409953822695e-02 4.771934325295023593e-01 2.362750128270908398e-02 2.565418163160595712e-05 2.565418163160595712e-05 2.565418163160595712e-05 1.413545407901488186e-02
9.610389610389610815e-03 1.714485514485514506e-01 4.795404595404595405e-01 7.612387612387612815e-03 9.210789210789211215e-03 2.417582417582417580e-03 3.139060939060938638e-01 1.998001998001998000e-05 1.998001998001998000e-05 6.213786213786214215e-03
4.710234278668311292e-03 6.784217016029595038e-02 6.481134401972873382e-01 2.695684340320592121e-01 2.466091245376079381e-05 2.466091245376079381e-05 2.466091245376079381e-05 2.466091245376079381e-05 9.642416769420469186e-03 2.466091245376079381e-05
2.796560484658979634e-02 1.405315614617940190e-01 3.005862810240375049e-01 1.389486026968926938e-02 7.250341997264021787e-03 8.032050029314051834e-03 2.560093804963845844e-03 1.954270080125073355e-05 4.581004494821184214e-01 4.105921438342778618e-02
2.104377104377104488e-05 7.451599326599327167e-02 6.580597643097643168e-01 1.805765993265993352e-01 6.123737373737374139e-03 2.104377104377104488e-05 2.104377104377104488e-05 2.104377104377104488e-05 8.061868686868686740e-02 2.104377104377104488e-05
2.257846014901783690e-05 6.843531271167306584e-02 5.290358997516368955e-01 2.483630616391962228e-04 3.007676676450665720e-01 2.506209076540979845e-03 2.056897719575524752e-02 2.463310002257845799e-02 1.108602393316775875e-02 4.269586814179272827e-02
7.913669064748201504e-03 3.002281101947710043e-02 1.826636251974030414e-02 9.141954728899807578e-03 1.947710124583260224e-03 1.791542375855413247e-02 1.194946481838918967e-02 5.950166695911563580e-02 2.402351289699947157e-01 6.031058080364976037e-01
1.385687539005616975e-01 9.696276263781984650e-02 5.723112128146452537e-01 5.013521947160391734e-03 1.862076138964010863e-01 2.080299563137091875e-05 2.080299563137091875e-05 4.368629082587892972e-04 4.368629082587892972e-04 2.080299563137091875e-05
6.167690956979807008e-03 1.330333625987708546e-01 3.729367866549604948e-01 2.194907813871817525e-05 2.194907813871817525e-05 5.289727831431080378e-03 6.606672519754170324e-03 9.679543459174714398e-03 3.753292361720807907e-03 4.624890254609306250e-01
2.107481559536354245e-05 1.410115911485774476e-01 5.258377239199156783e-01 2.876923076923076916e-01 8.640674394099051017e-04 2.107481559536354245e-05 2.107481559536354245e-05 3.795574288724973266e-02 6.554267650158061842e-03 2.107481559536354245e-05
1.365796232876712313e-01 1.444991438356164337e-01 6.511344178082191236e-01 2.140410958904109606e-05 5.588613013698630338e-02 2.140410958904109606e-05 6.014554794520548392e-03 2.140410958904109606e-05 5.372431506849315551e-03 4.494863013698630104e-04
2.358490566037736071e-05 1.573349056603773610e-01 4.394103773584905337e-01 2.594339622641509508e-04 2.358490566037736071e-05 2.358490566037736071e-05 2.358490566037736071e-05 3.844575471698112867e-01 1.841981132075471567e-02 2.358490566037736071e-05
2.384927259718578577e-05 2.435010732172668627e-02 4.739088957786787293e-01 2.384927259718578577e-05 2.170283806343906424e-03 2.384927259718578577e-05 2.384927259718578577e-05 2.384927259718578577e-05 4.994276174576675054e-01 2.384927259718578577e-05
7.805132484873775200e-02 3.350928437304401819e-01 1.980179428332985714e-01 1.316503233882745753e-02 1.270811600250365270e-01 2.218026288337158203e-01 2.086375964948883764e-05 4.381389526392656208e-04 2.086375964948883764e-05 2.630920091800542301e-02
6.047600468201328166e-04 1.178501755754974845e-01 4.276433866562622255e-01 1.775263363246196158e-03 2.093445181428014168e-01 1.952789699570815773e-02 1.950838860710105794e-05 1.190011705033164379e-03 1.950838860710105794e-05 2.220249707374171155e-01
2.078471279963817198e-01 6.017639077340570380e-02 6.836499321573947796e-01 2.261420171867933136e-05 1.153324287652645686e-03 2.261420171867933136e-05 3.597919493441881222e-02 2.261420171867933136e-05 3.414744459520578646e-03 7.711442786069651854e-03
1.892505677517032549e-05 5.168433005299016142e-02 2.869227857683572802e-01 1.532929598788796257e-03 1.892505677517032549e-05 1.892505677517032549e-05 1.892505677517032549e-05 1.080620741862225662e-02 6.330620741862225120e-01 1.591597274791824168e-02
1.810137169621947040e-01 2.084476413516226090e-01 4.506691201070592290e-01 1.672800267648042919e-05 1.396955503512880559e-01 1.672800267648042919e-05 1.840080294412847143e-04 1.339913014386082124e-02 1.840080294412847143e-04 6.373369019739043122e-03
3.982552626588279840e-04 1.344775270244642495e-01 4.276692584866300106e-01 1.896453631708704766e-05 4.306846197610468552e-02 5.879006258296984267e-04 1.896453631708704766e-05 2.258865920728237997e-01 1.896453631708704766e-05 1.678551109425374666e-01
2.287137681159420385e-03 3.014039855072463484e-02 3.498867753623188248e-01 3.648097826086956624e-02 7.588315217391304601e-02 2.264492753623188433e-05 1.723278985507246258e-02 3.419384057971014412e-03 3.127264492753623060e-02 4.533740942028985366e-01
4.362276692978811921e-04 2.077274615704196266e-05 6.379310344827586465e-02 9.557540506855007056e-02 8.230369754881594613e-01 2.077274615704196266e-05 2.077274615704196266e-05 2.077274615704196266e-05 2.077274615704196266e-05 1.705442459493144991e-02
2.592688618096966569e-05 2.100337049520352717e-01 1.633653098262898562e-01 2.592688618096966569e-05 5.444646098003630202e-04 8.662172673061965811e-02 5.444646098003630202e-04 6.766917293233082678e-03 8.037334716100596500e-04 5.312678247342493831e-01
2.573701450631726666e-04 6.693963500233973685e-02 4.310014038371548506e-01 2.339728591483388186e-05 6.574637342068320213e-03 2.573701450631726666e-04 2.339728591483388186e-05 3.367103416003743299e-01 1.343238184370613153e-01 2.388862891904539043e-02
2.797642873026461863e-01 1.890371358683566871e-01 3.562597287080275787e-01 2.223704692016900407e-05 1.258839226150767210e-01 4.914387369357349489e-03 3.649099399599733257e-02 5.136757838559039523e-03 2.223704692016900407e-05 2.468312208138759116e-03
4.039238315060588737e-04 1.019619157530294307e-01 4.150990575110597991e-01 2.115791498365070407e-04 3.810348143873822091e-02 1.923446816695518398e-05 4.433737257164839241e-01 7.886131948451624313e-04 1.923446816695518398e-05 1.923446816695518398e-05
4.460532461466605939e-03 4.593881363848669741e-01 1.592947220924801899e-01 2.592246613731901544e-03 2.569126576366184134e-01 3.759925268566091574e-03 1.263428304530593398e-02 1.590378327884166623e-02 1.777206912657636889e-02 6.728164409154602232e-02
1.929384526336098957e-05 8.568396681458614883e-02 2.579780050163997251e-01 1.929384526336098957e-05 1.929384526336098957e-05 1.929384526336098957e-05 1.929384526336098957e-05 8.122708855874976111e-03 6.479066177889253320e-01 2.122322978969708954e-04
2.319647413593133861e-05 1.677337044769195151e-01 4.064254233356529578e-01 2.319647413593133861e-05 3.632799814428206431e-01 1.092553931802366096e-02 2.319647413593133861e-05 4.270470888424959116e-02 2.319647413593133861e-05 8.837856645789839843e-03
2.555168408826945410e-04 9.200929152148665247e-02 5.593728222996515731e-01 2.322880371660859464e-05 4.901277584204413902e-03 2.322880371660859464e-05 3.342857142857142416e-01 4.204413472706156063e-03 4.901277584204413902e-03 2.322880371660859464e-05
5.330444964871193791e-01 1.002576112412178061e-01 2.285948477751756358e-01 2.341920374707259951e-05 3.421545667447306593e-02 2.341920374707259951e-05 2.016393442622950796e-02 2.341920374707259951e-05 2.341920374707259951e-05 8.362997658079625307e-02
1.064122738001573552e-02 1.906176239181746612e-01 7.281864673485444195e-01 1.966955153422501965e-05 6.709284028324154214e-02 1.966955153422501965e-05 2.773406766325727663e-03 1.966955153422501965e-05 1.966955153422501965e-05 6.097560975609756092e-04
1.681802892700975461e-05 1.528927009754456889e-01 4.705852674066599017e-01 1.681802892700975461e-05 1.681802892700975461e-05 1.515304406323578733e-02 6.291624621594349431e-02 1.798015472586612651e-01 8.577194752774974307e-04 1.177430205179952893e-01
5.188982710092481659e-02 3.220948934459187396e-01 2.555488540410132403e-01 1.228387615601125860e-02 6.355046240450341888e-02 2.456976276638520029e-01 2.173301166063530340e-02 2.010454362685966986e-05 2.010454362685966986e-05 2.716123843988741196e-02
1.967729240456513151e-05 2.662534435261708077e-01 2.871113734750098123e-01 1.967729240456513151e-05 3.980913026367571828e-01 4.842581660763478624e-02 1.967729240456513151e-05 1.967729240456513151e-05 1.967729240456513151e-05 1.967729240456513151e-05
4.267425320056899098e-04 4.980694980694980872e-02 1.904287746393009684e-01 2.032107295265190224e-05 1.849217638691322925e-03 2.032107295265190224e-05 2.032107295265190224e-05 3.497256655151392141e-02 7.157285104653525742e-01 6.726275147327779626e-03
2.250731487733513634e-05 1.794058068872383671e-01 5.973666441593518117e-01 1.195138419986495684e-02 4.548728336709430276e-02 2.250731487733513634e-05 5.874409182984470165e-03 1.550979068197164135e-01 2.250731487733513634e-05 4.749043439117713213e-03
2.163097555699762263e-05 2.249837767683322276e-01 4.596798615617564421e-01 2.630542937486480271e-01 1.927319922128487711e-02 7.808782176076141737e-03 4.542504866969500582e-04 1.103179753406878473e-03 2.163097555699762263e-05 2.359939433268440356e-02
5.294073890404166205e-01 7.441110835606250251e-02 1.872303496156707547e-01 2.479543763947434149e-05 1.845028514753285775e-01 1.512521696007934624e-03 1.760476072402678005e-03 2.479543763947434149e-05 2.479543763947434149e-05 2.110091743119266172e-02
4.668741662961316393e-04 1.451978657180969245e-01 1.663183637172076512e-01 4.668741662961316393e-04 2.690084481991996367e-03 1.356158292574477552e-03 2.223210315695864917e-05 2.223210315695864917e-05 2.223210315695864917e-05 6.834370831480658381e-01
9.184608337150710483e-03 5.957398076042144663e-02 4.851351351351351204e-01 3.458543289051763548e-03 3.916628492899679528e-03 2.290426019239578614e-05 1.582684379294548721e-02 2.519468621163536374e-04 4.226065048098946453e-01 2.290426019239578614e-05
1.705029838022165464e-05 1.267007672634271054e-01 4.995907928388746422e-01 1.705029838022165464e-05 1.040068201193520723e-03 1.705029838022165464e-05 5.285592497868712601e-04 1.478431372549019740e-01 1.420460358056266081e-01 8.219948849104859179e-02
2.577319587628866445e-05 6.703608247422682131e-02 4.330154639175258224e-01 2.577319587628866445e-05 2.577319587628866445e-05 2.577319587628866445e-05 2.577319587628866445e-05 4.899484536082474723e-02 4.497680412371134473e-01 1.056701030927835114e-03
1.740533980582524287e-01 1.029368932038834950e-01 5.563349514563106224e-01 2.427184466019417645e-05 1.611893203883495163e-01 2.427184466019417645e-05 2.427184466019417645e-05 2.427184466019417645e-05 1.237864077669902823e-03 4.150485436893204538e-03
1.655428186109238198e-02 2.242414025623735707e-01 1.807484828051247605e-01 3.742414025623735669e-03 5.640930546190154882e-01 3.371544167228590784e-05 3.371544167228590784e-05 9.136884693189481141e-03 3.371544167228590784e-05 1.382333108563722161e-03
2.497379813169286755e-01 3.802916381863750139e-01 2.754841649578491647e-01 2.506265664160400972e-04 6.974253816359080038e-02 2.301207564365458872e-03 2.278423331054910036e-05 4.784688995215311143e-04 1.916154021417179262e-02 2.529049897470950214e-03
2.563453598994794302e-01 3.656614611380362700e-01 2.351642434033386908e-01 1.974510859809729016e-04 8.276790522347873824e-02 2.048106264584455272e-02 5.582480703643870508e-03 3.304613175372464462e-02 1.795009872554299198e-05 7.359540477472625592e-04
3.942220884742702464e-03 8.206740896780019279e-01 8.459223593138731623e-02 3.641287992777610984e-03 2.891965091784532219e-02 3.072524826963587280e-02 3.310261811616010182e-04 1.327114053566054962e-02 9.328919650917847370e-04 1.297020764369545727e-02
1.743438320209973746e-01 1.093832020997375365e-01 6.233814523184602052e-01 2.187226596675415769e-05 7.373140857392826431e-02 2.187226596675415769e-05 2.865266841644794216e-03 1.095800524934383187e-02 2.187226596675415769e-05 5.271216097987752036e-03
3.000300030003000398e-05 4.167716771677167364e-01 8.703870387038704914e-02 3.000300030003000398e-05 1.902490249024902658e-01 3.030603060306030772e-01 3.000300030003000398e-05 3.000300030003000398e-05 3.000300030003000398e-05 2.730273027302730030e-03
4.184027777777777832e-03 1.040104166666666746e-01 3.922048611111110805e-01 1.232638888888888803e-03 1.059027777777777658e-03 1.338541666666666526e-02 1.008680555555555546e-02 1.651041666666666630e-02 1.199652777777777610e-02 4.453298611111111138e-01
6.912144702842377454e-03 8.852282515073213454e-02 6.938199827734711223e-01 6.050818260120586004e-03 6.266149870801034083e-03 1.528854435831180020e-03 1.961886304909560841e-01 4.521963824289405983e-04 2.368647717484927086e-04 2.153316106804479169e-05
9.049881235154395159e-03 2.437292161520189793e-01 3.356532066508313150e-01 1.472921615201900347e-01 2.636817102137766766e-01 2.375296912114014452e-05 4.988123515439429976e-04 2.375296912114014452e-05 2.375296912114014452e-05 2.375296912114014452e-05
6.574320241691843369e-01 1.084894259818731388e-01 1.519939577039275125e-01 3.323262839879154618e-04 3.021148036253777110e-05 3.021148036253777110e-05 5.924471299093655996e-02 2.447129909365559127e-03 3.021148036253777110e-05 1.996978851963746374e-02
1.230992034757421964e-03 1.098479362780593882e-01 4.033550567221819705e-01 2.457398020757904922e-01 2.375331885107410113e-01 1.955104996379435165e-03 2.413709872073376952e-05 2.655080859280714817e-04 2.413709872073376952e-05 2.413709872073376952e-05
1.836908931698774117e-01 1.718695271453590245e-01 5.873686514886163890e-01 8.975481611208405933e-04 2.716725043782837121e-02 2.388353765323992725e-02 2.189141856392294304e-05 2.189141856392294304e-05 2.189141856392294304e-05 5.056917688266200292e-03
3.916601714731099415e-03 9.666796570537802835e-02 7.291699142634450181e-01 3.721745908028059689e-03 1.948558067030397537e-05 4.111457521434138708e-03 1.574629773967264335e-01 2.143413873733437426e-04 4.696024941543258321e-03 1.948558067030397537e-05
2.310002310002310055e-05 1.376992376992376976e-01 3.051744051744051389e-01 2.310002310002310055e-05 4.966735966735966734e-01 7.184107184107184699e-03 2.310002310002310055e-05 2.566412566412566362e-02 8.339108339108339957e-03 1.919611919611919487e-02
2.148227712137486760e-05 3.331901181525241673e-02 4.305263157894736459e-01 2.148227712137486760e-05 6.659505907626209024e-04 7.026852846401719643e-02 3.482277121374865309e-02 4.036734693877550573e-01 2.148227712137486760e-05 2.665950590762620684e-02
2.173440556400782497e-05 4.696805042382090623e-02 4.353618778526406885e-01 2.173440556400782497e-05 3.305803086285589998e-02 1.325798739404477310e-03 6.107367963486198641e-03 2.412519017604868640e-03 2.173440556400782497e-05 4.747011519234948795e-01
1.043342516069788867e-01 1.728374655647383074e-01 6.093847566574839281e-01 1.836547291092745698e-05 1.011937557392102865e-02 2.315886134067952212e-02 5.344352617079889921e-03 3.730027548209366439e-02 2.956841138659320554e-03 3.454545454545454586e-02
2.110595187842971777e-05 3.484592655128745942e-02 6.965175179400591166e-01 2.110595187842971777e-05 2.110595187842971777e-05 2.110595187842971777e-05 2.532925284930350185e-01 2.110595187842971777e-05 1.521739130434782497e-02 2.110595187842971777e-05
1.831166453030580454e-05 1.276506134407617565e-01 5.574253799670390030e-01 1.831166453030580454e-05 1.831166453030580454e-05 6.427394250137337395e-03 3.845449551364218954e-04 1.292986632484892928e-01 2.071049258377586494e-02 1.580479765610693921e-01
5.135951661631420369e-03 1.429467813153613709e-01 2.637927027655124212e-01 1.071345572856146830e-02 1.092493609109923408e-01 2.884034394608412516e-02 1.417615617011387403e-03 1.650011619800139436e-03 2.323960027887520333e-05 4.362305368347664247e-01
1.670285618840822042e-05 1.461666945047603305e-01 1.787372640721563155e-01 1.670285618840822042e-05 4.478035744112243699e-02 6.198596960080173801e-01 1.837314180724904111e-04 1.670285618840822042e-05 1.020544513111742123e-02 1.670285618840822042e-05
1.747946163258171581e-05 8.968711763677679472e-02 4.988813144555147572e-01 1.747946163258171581e-05 2.099283342073064024e-02 8.758958224086699218e-02 5.418633106100332036e-04 2.468274777136864051e-01 5.525257822059081309e-02 1.922740779583988874e-04
1.866368047779022238e-05 1.553004852556924276e-01 1.687383351997013836e-01 1.866368047779022238e-05 1.364315042926464959e-02 6.523142963792459836e-01 3.751399776035834431e-03 1.511758118701007772e-03 1.866368047779022238e-05 4.684583799925345557e-03
1.629747506895820042e-01 1.474856779121578587e-01 6.136431147888817828e-01 2.121790791427965330e-05 4.394228729047315596e-02 7.235306598769361726e-03 2.121790791427965330e-05 2.121790791427965330e-05 1.741990239762359477e-02 7.235306598769361726e-03
1.577485690057239820e-01 1.157727369090523623e-01 6.631545473818104552e-01 5.957176171295315396e-03 1.910112359550561814e-02 2.119991520033920045e-05 4.685181259274963546e-03 2.331990672037312015e-04 3.330506677973287671e-02 2.119991520033920045e-05
1.602385238523852395e-01 1.748649864986498714e-01 5.466021602160215931e-01 2.250225022502250468e-05 1.075832583258325842e-01 9.923492349234923002e-03 2.250225022502250468e-05 2.250225022502250468e-05 6.975697569756976078e-04 2.250225022502250468e-05
7.514792899408284134e-03 1.787179487179487158e-01 3.658974358974358965e-01 1.972386587771203363e-05 4.092899408284023655e-01 1.794871794871794870e-03 6.923076923076923288e-03 6.331360946745562442e-03 1.972386587771203363e-05 2.349112426035502785e-02
2.772177419354839283e-04 9.881552419354840133e-02 5.073336693548387011e-01 2.520161290322580982e-05 1.819808467741935720e-01 2.520161290322580982e-05 9.856350806451615043e-02 2.220262096774193797e-02 2.119455645161290314e-02 6.958165322580646406e-02
8.399255467659376070e-03 4.944392740809678832e-01 2.264076314564913983e-01 1.724057701256398109e-02 8.378315495579340133e-02 2.352256863657515087e-02 1.700791065611912539e-02 2.326663564448580839e-05 2.326663564448580839e-05 1.291530944625407240e-01
2.873533505667130727e-01 2.418174587393119856e-01 3.279180751640485281e-01 1.988466892026247802e-05 1.533107973752236876e-02 3.084112149532710137e-02 4.792205209783257508e-03 1.988466892026247802e-05 1.988466892026247802e-05 9.188705508053290893e-02
2.243524372832959542e-04 9.588007342443402581e-02 5.835406893738527279e-01 2.039567611666326703e-05 2.039567611666326703e-05 2.753620232510707311e-01 8.362227207831938363e-04 9.810320212115031246e-03 3.020599632877829857e-02 4.099530899449316777e-03
2.148256522799317156e-02 1.714459887832236185e-01 5.518410143867349404e-01 9.997561570348695650e-04 4.586686174103876690e-02 6.120458424774445280e-03 5.145086564252621293e-03 5.145086564252621293e-03 2.438429651304559832e-05 1.919287978541819040e-01
2.501876407305479930e-05 7.583187390542910078e-02 3.622967225419064796e-01 2.501876407305479930e-05 3.179884913685264436e-02 2.501876407305479930e-05 5.266700025018764553e-01 2.501876407305479930e-05 2.501876407305479930e-05 3.277458093570178102e-03
3.784591991890521867e-01 2.147491130258489533e-01 2.373880723095117273e-01 1.689474573407670168e-05 7.112687954046291970e-03 3.226896435208650299e-03 1.689474573407670168e-05 4.715323534380808090e-02 1.689474573407670168e-05 1.118601115053218520e-01
6.650790950841979979e-03 1.905255995917672918e-01 4.951692464704881558e-01 2.497193400238135463e-01 4.526279979588365698e-02 1.871066507909508673e-04 2.908657935022963392e-03 1.700969552645007607e-05 2.738560979758462421e-03 6.820887906106480950e-03
3.080145719489981587e-02 3.236976320582877764e-01 2.178688524590163822e-01 2.568306010928961530e-03 2.362659380692167521e-01 7.051001821493625699e-02 5.648451730418944244e-02 1.349726775956284000e-02 5.118397085610200577e-03 4.318761384335154802e-02
2.178649237472767095e-05 2.388017429193899643e-01 7.364052287581699385e-01 2.178649237472767095e-05 2.178649237472767095e-05 3.507625272331154915e-03 3.725490196078431841e-03 3.289760348583877989e-03 1.396514161220043480e-02 2.396514161220043805e-04
1.451923076923077038e-01 2.061679174484052635e-01 6.292448405253283639e-01 2.345215759849906189e-05 5.182926829268292949e-03 4.010318949343339746e-03 1.010787992495309519e-02 2.345215759849906189e-05 2.345215759849906189e-05 2.345215759849906189e-05
1.341383095499451214e-02 2.257080131723380734e-01 2.241492864983534589e-02 2.195389681668496196e-05 7.269154774972557131e-01 2.195389681668496196e-05 7.047200878155872664e-03 1.997804610318331623e-03 2.195389681668496196e-05 2.436882546652030523e-03
3.592354412290103133e-02 8.281707752768845410e-01 9.326545194712396181e-02 6.270096463022507664e-03 9.664165773490530909e-03 2.645587709896390916e-02 1.786352268667381097e-05 1.786352268667381097e-05 1.786352268667381097e-05 1.964987495534119071e-04
2.147305132059265867e-05 1.239209791711402275e-01 6.274640326390379386e-01 2.278290745114880736e-02 2.598239209791711364e-03 2.147305132059265867e-05 1.992913893064204578e-01 6.656645909383724019e-04 2.299763796435473281e-02 2.362035645265192420e-04
1.997203914519672549e-05 2.285000998601957045e-01 7.102256840423406548e-01 1.997203914519672549e-05 2.598362292790093800e-02 2.738166566806470720e-02 6.191332135010984292e-04 1.997203914519672549e-05 1.997203914519672549e-05 7.209906131416018125e-03
2.361832782239017473e-05 7.040623523854511179e-02 5.125413320736891265e-01 2.361832782239017473e-05 2.598016060462919694e-04 2.361832782239017473e-05 1.913084553613603970e-03 6.636750118091639186e-03 4.081483230987245636e-01 2.361832782239017473e-05
1.872308556450103109e-05 1.945515821007301749e-01 4.057479872683018018e-01 1.872308556450103109e-05 4.794982213068714472e-02 1.872308556450103109e-05 7.678337390001872820e-02 2.645759221119640126e-01 1.031642014604006695e-02 1.872308556450103109e-05
2.185792349726776022e-05 1.073442622950819686e-01 5.241748633879781405e-01 2.185792349726776022e-05 3.127868852459016191e-02 2.404371584699453658e-04 2.863387978142076240e-03 2.120437158469945516e-01 6.034972677595629165e-02 6.166120218579235202e-02
1.859419697588884186e-03 7.071924805884757803e-02 4.366775643645279814e-01 2.043318348998773954e-05 2.043318348998773954e-05 3.494074376787904054e-03 5.128729055986922837e-03 5.128729055986922837e-03 2.617490805067429482e-02 4.507764609726195304e-01
2.418124006359300207e-02 9.044674085850555878e-01 3.928457869634339322e-02 1.287758346581875787e-03 1.589825119236883868e-05 3.069952305246422333e-02 1.589825119236883868e-05 1.589825119236883868e-05 1.589825119236883868e-05 1.589825119236883868e-05
3.298350824587706624e-04 6.279160419790105196e-01 1.562518740629685321e-01 2.998500749625188148e-05 2.024287856071964320e-01 2.998500749625188148e-05 2.998500749625188148e-05 2.998500749625188148e-05 2.998500749625188148e-05 1.292353823088455977e-02
2.243661655822302184e-05 4.534440206416872482e-02 6.141126318151222119e-01 2.243661655822302184e-05 3.255553062598159908e-02 2.243661655822302184e-05 9.199012788871437259e-04 9.199012788871437259e-04 3.060578864707201863e-01 2.243661655822302184e-05
1.004409603135717746e-03 1.205536501714845887e-01 5.027192552670259884e-01 2.449779519843214609e-05 2.474277315041646403e-03 2.449779519843214609e-05 2.449779519843214609e-05 5.414012738853503717e-03 3.674914257716805910e-01 2.694757471827535799e-04
2.033760423022168228e-05 1.163514338010982335e-01 6.697376449054300851e-01 2.033760423022168228e-05 2.033760423022168228e-05 3.681106365670124350e-03 2.666259914582062157e-02 1.753304860687411038e-01 1.443969900345739178e-03 6.731747000203376109e-03
3.419661733615221577e-02 2.038583509513741954e-01 3.751057082452430858e-01 1.761804087385482741e-05 3.023431994362226760e-01 1.937984496124031252e-04 1.603241719520789128e-03 2.521141649048625616e-02 1.761804087385482741e-05 5.745243128964059448e-02
1.949933833259814842e-01 2.280767534186148859e-01 4.828187031318923461e-01 6.859285399205999542e-03 2.692986325540361672e-02 5.582267313630348560e-02 2.205558006175562517e-05 1.124834583149536809e-03 2.205558006175562517e-05 3.330392589325099299e-03
1.696495152870991160e-03 1.543810589112601939e-01 2.984712900820282386e-02 3.933631618195375899e-03 8.055741983594330025e-01 1.864280387770320254e-05 1.864280387770320254e-05 1.864280387770320254e-05 7.643549589858311417e-04 3.747203579418343332e-03
2.158132234647832195e-04 5.456150676868747051e-02 2.809691975671963493e-01 1.961938395134392720e-05 8.043947420051009677e-04 1.961938395134392720e-05 1.961938395134392720e-05 2.964488915048067372e-02 6.223464783205807649e-01 1.139886207573082184e-02
1.975113569030219273e-05 4.552834287971558314e-01 9.186253209559550048e-02 8.097965633023898645e-04 1.975113569030219273e-05 4.446178155243926122e-01 1.975113569030219273e-05 3.969978273750740701e-03 1.599841990914477492e-03 1.797353347817499426e-03
4.350180505415162345e-03 3.720216606498194523e-02 2.196931407942238068e-01 1.805054151624548841e-05 1.805054151624548841e-05 1.985559566787003692e-04 3.086642599277978488e-03 3.808664259927798269e-03 7.316064981949458312e-01 1.805054151624548841e-05
3.526203000194818010e-03 1.578219364893824195e-01 4.851159166179621618e-01 2.655562049483732312e-01 8.749269433080070213e-02 1.948178453146308422e-05 1.948178453146308422e-05 2.142996298460939162e-04 1.948178453146308422e-05 2.142996298460939162e-04
2.418964683115627226e-05 1.703193033381713017e-01 9.533139816158686664e-02 4.320512820512821262e-01 2.716739235607160685e-01 2.418964683115627226e-05 5.079825834542816632e-04 2.418964683115627226e-05 2.418964683115627226e-05 3.001935171746493089e-02
2.273243919072516470e-05 1.798135939986360288e-02 2.184814730620595613e-01 9.320300068197316613e-04 2.273243919072516470e-05 2.273243919072516470e-05 4.773812230052284621e-04 1.639008865651284119e-02 7.222323255285292287e-01 2.343714480563764344e-02
1.963093835885355422e-05 1.289948959560267006e-01 5.082646250490773232e-01 1.963093835885355422e-05 4.338437377306635263e-03 2.571652925009815498e-03 1.963093835885355422e-05 2.192972124067530115e-01 4.791912053396152338e-02 8.855516293678838968e-02
2.632964718272775602e-05 2.819905213270142499e-02 5.716429699842022760e-01 2.632964718272775602e-05 2.632964718272775602e-05 2.632964718272775602e-05 2.819905213270142499e-02 2.632964718272775602e-05 3.686413902053712888e-01 3.185887309110058390e-03
2.074325805744354490e-01 1.008770006577505013e-01 6.672001754001315454e-01 2.192501644376233449e-05 2.214426660819995753e-03 5.064678798509099529e-03 1.295768471826353949e-02 3.091427318570488889e-03 1.118175838631878900e-03 2.192501644376233449e-05
2.279148615558485632e-03 7.704087398756828131e-01 6.763985684686382727e-02 1.883593897155773177e-05 1.226219627048408256e-02 1.346957995856093437e-01 1.337351666980598867e-03 1.883593897155773177e-05 2.071953286871350698e-04 1.113203993219061966e-02
9.051066386302193401e-01 6.461399819765696606e-02 2.916791829378191994e-02 3.003905076599579915e-05 3.304295584259538381e-04 3.003905076599579915e-05 3.003905076599579915e-05 3.003905076599579915e-05 3.003905076599579915e-05 6.308200660859118432e-04
1.246943765281173641e-03 7.141809290953546330e-02 6.687286063569682915e-01 2.105378973105134777e-01 1.982885085574572284e-02 2.689486552567237456e-04 2.444987775061125145e-05 2.444987775061125145e-05 2.789731051344743543e-02 2.444987775061125145e-05
2.140851155757182711e-02 1.097645279758047154e-01 6.213220998055735134e-01 1.883992222942320327e-01 4.322747893713545231e-02 2.160293799956794212e-05 1.319939511773601283e-02 2.160293799956794212e-05 2.376323179952473667e-04 2.397926117952041240e-03
2.018719031014865300e-04 3.397137089374197005e-01 9.416406680124793371e-02 1.835199119104423092e-05 5.647091209396218892e-01 1.835199119104423092e-05 1.835199119104423092e-05 5.689117269223711078e-04 2.018719031014865300e-04 3.853918150119288325e-04
1.279362416107382525e-03 3.169043624161073380e-02 6.076132550335570093e-01 2.097315436241610964e-05 2.097315436241610964e-05 2.097315436241610964e-05 1.826761744966442710e-02 3.360109060402684533e-01 2.957214765100670863e-03 2.118288590604026911e-03
2.519526329050138550e-05 5.217939027462836776e-02 4.479969765684050920e-01 2.519526329050138550e-05 1.312673217435122303e-02 2.519526329050138550e-05 2.519526329050138550e-05 1.955404383975812566e-01 2.910304862685814675e-01 2.519526329050138550e-05
2.060612122424484716e-01 1.132426485297059471e-01 6.147429485897178969e-01 1.220244048809761891e-03 1.122224444888977879e-02 2.000400080016003477e-05 5.323064612922585176e-02 2.000400080016003477e-05 2.200440088017603690e-04 2.000400080016003477e-05
1.742767514813523821e-05 6.493726036946670943e-01 2.621296619031021069e-01 2.283025444405716378e-03 1.742767514813523821e-05 1.742767514813523821e-05 5.038340885325898189e-02 2.108748692924363854e-03 1.849076333217148857e-02 1.517950505402579191e-02
1.158564288959563690e-03 4.863698318945933879e-02 3.868923216719672431e-01 2.271694684234439133e-05 2.271694684234439133e-05 1.158564288959563690e-03 9.313948205361198378e-04 2.271694684234439133e-05 5.570422535211266846e-01 4.111767378464335071e-03
2.448579823702252907e-05 5.438295788442703421e-02 2.270078354554358468e-01 2.448579823702252907e-05 2.693437806072477994e-04 1.738491674828599245e-03 2.448579823702252907e-05 1.887855044074436550e-02 6.917482859941234130e-01 5.901077375122429011e-03
1.576789656259854934e-05 9.374172185430462712e-01 2.240618101545253579e-02 1.578366445916114594e-02 2.114474929044465185e-02 3.011668243456322707e-03 1.576789656259854934e-05 1.734468621885840427e-04 1.576789656259854934e-05 1.576789656259854934e-05
2.127206977238885424e-05 3.037864284194852216e-01 1.329717081472027163e-01 2.339927674962773933e-04 4.979791533716230317e-02 4.350350989151244296e-01 1.935758349287385570e-03 5.977451606041268330e-03 2.127206977238885424e-05 7.021910231865560736e-02
1.936994465730097759e-03 8.388676032354193401e-02 6.809493401447423988e-01 2.250106428267347747e-01 3.001277139208173746e-03 2.128565346956151662e-05 6.598552575564069645e-04 2.128565346956151662e-05 4.491272882077479781e-03 2.128565346956151662e-05
