1.235230934479054823e-03 8.439466011968697261e-05 8.439466011968697261e-05 1.067208838422586958e-02 1.542120607641552866e-03 4.872640785637563643e-02 4.416219119226638123e-01 8.439466011968697261e-05 6.214515881540586288e-04 4.953276047261009896e-01
5.464646464646464620e-03 1.010101010101010134e-05 1.010101010101010134e-05 9.191919191919191694e-04 1.010101010101010134e-05 3.480909090909090620e-01 3.695050505050505030e-01 2.577878787878787881e-01 1.010101010101010134e-05 1.819191919191918971e-02
1.326739838378965220e-04 1.206127125799059260e-05 1.206127125799059260e-05 1.206127125799059260e-05 3.034736461223012660e-01 8.094319141237486803e-02 1.054275720660957649e-01 4.369919189482571187e-01 9.769629718972378755e-04 7.201785068146182578e-02
3.639744952178532948e-03 8.855827134254338950e-06 8.855827134254338950e-06 8.855827134254338950e-06 8.615037194473962323e-01 2.311370882040382230e-03 1.324920297555791382e-01 8.855827134254338950e-06 8.855827134254338950e-06 8.855827134254338950e-06
1.109667359667359382e-02 9.528759528759528385e-05 8.749133749133747090e-04 2.347539847539847381e-03 3.483194733194732579e-02 1.941268191268191029e-02 5.319646569646568901e-02 8.472020097020096507e-01 6.150381150381149277e-04 3.032744282744282566e-02
8.209506608652818630e-06 8.209506608652818630e-06 8.209506608652818630e-06 8.209506608652818630e-06 9.749692143502174391e-01 2.544947048682373657e-04 4.186848370412937044e-04 3.365897709547655621e-04 8.209506608652818630e-06 2.397996880387488414e-02
3.673935498680133138e-01 1.147710317915758071e-05 1.262481349707334031e-04 3.339837025134856016e-03 4.705612303454607872e-04 1.303913692184092699e-01 3.780672558246298554e-01 6.244691839779639708e-02 4.143234247675886724e-03 5.360954894984506364e-02
8.547008547008547679e-06 8.547008547008547679e-06 8.547008547008547679e-06 8.547008547008547679e-06 8.547008547008547679e-06 5.094102564102563901e-01 9.727350427350427153e-02 3.205982905982906334e-02 2.649572649572649679e-04 3.609487179487179676e-01
2.478031634446396791e-02 1.597699312989295361e-05 1.597699312989295361e-05 1.597699312989295361e-05 1.597699312989295361e-05 1.597699312989295361e-05 9.971241412366191326e-02 8.739575011982744224e-01 1.597699312989295361e-05 1.453906374820258633e-03
1.030715316429602119e-05 1.030715316429602119e-05 1.030715316429602119e-05 6.327664399092970404e-01 3.195217480931766721e-04 1.299732014017728268e-02 3.501443001443001468e-01 6.287363430220572298e-04 1.030715316429602119e-05 3.102453102453102667e-03
2.677546857069998463e-04 1.275022312890475523e-05 1.275022312890475523e-05 7.420757363253857042e-01 1.275022312890475523e-05 7.917888563049852932e-03 2.398444472778273329e-01 3.710314930511283624e-03 4.857835012112711459e-03 1.287772536019380102e-03
6.487635834688115777e-01 1.463164199537948318e-03 9.677419354838708368e-03 1.541028493197569953e-02 1.001967998630957403e-02 8.556515786771626294e-06 2.296654402327372169e-01 7.872850175408574458e-02 8.556515786771626294e-06 6.254813040130058691e-03
1.410437091503267681e-01 2.125204248366012461e-02 3.197508169934640265e-02 1.021241830065359406e-05 1.746323529411764573e-03 1.645220588235293824e-02 1.443116830065359069e-01 6.382863562091501963e-01 1.021241830065359406e-05 4.912173202614378113e-03
1.007252215954875129e-05 8.158742949234487965e-04 2.316780821917808209e-01 2.115229653505237872e-04 1.007252215954875129e-05 5.449234488315874564e-03 6.991438356164384471e-01 3.083199033037872794e-02 4.441982272360998907e-03 2.740733279613215279e-02
1.410835214446952681e-05 1.410835214446952681e-05 1.410835214446952681e-05 1.410835214446952681e-05 3.823363431151241641e-03 7.209367945823928238e-03 7.431010158013544586e-01 6.927200902934537580e-03 2.364700902934536997e-01 2.412528216704289217e-03
1.437015898899307023e-03 5.197717081125152738e-04 4.178556869139828512e-04 7.691704035874439294e-01 1.967998369343660833e-02 1.427843456991438956e-02 1.686812066856909764e-01 1.947615165103954230e-02 4.290664492458214421e-03 2.048512026090501450e-03
5.417463352453790511e-04 1.062247716167410100e-05 1.062247716167410100e-05 1.062247716167410100e-05 1.062247716167410100e-05 4.095071170596982224e-01 5.679944763118758289e-01 1.445719141703845009e-02 1.062247716167410100e-05 7.446356490333544062e-03
8.727589641434260748e-03 2.048182270916334424e-01 1.245019920318724976e-05 1.245019920318724976e-05 1.831424302788844244e-02 6.525149402390437170e-02 5.230453187250996283e-01 1.632345617529880055e-01 2.377988047808764910e-03 1.420567729083665152e-02
1.460706982179374694e-05 1.460706982179374694e-05 1.460706982179374694e-05 6.862547472976920915e-01 2.351738241308793179e-03 1.460706982179374694e-05 3.073473561203621807e-01 1.460706982179374694e-05 1.606777680397312265e-04 3.812445223488167886e-03
1.014997744700045085e-01 5.752142534957149778e-02 2.368064952638701125e-04 1.127649977447000479e-05 7.453766350924672691e-03 9.821831303563373708e-03 1.157081641858367094e-01 2.471921515561569527e-01 1.127649977447000479e-05 4.605435272891294507e-01
5.107291873634015045e-02 9.646334194317502525e-03 8.056824955295050286e-03 3.079674150606000129e-04 5.196701768329027582e-02 6.864693026028212408e-03 4.589807272004767791e-01 3.811941188158155525e-01 6.367971388833696192e-03 2.554142658454202144e-02
8.590327291469804013e-06 1.039429602267846189e-03 1.803968731208658758e-04 4.381066918649599725e-04 4.381066918649599725e-04 3.548664204106176390e-02 2.004209260372819823e-01 6.293359677003693697e-01 1.383042693926638499e-03 1.312687913409500695e-01
2.149562544336722503e-01 1.182312603452352791e-05 1.182312603452352791e-05 1.182312603452352791e-05 2.649562544336722669e-02 2.531331283991487130e-02 1.385788602506502487e-01 3.145069756443603648e-01 1.182312603452352791e-05 2.801016788838968652e-01
5.668454609857302012e-02 3.563505718044732151e-01 1.012043315453901567e-05 1.113247646999291723e-04 3.754680700333974230e-03 9.118510272239650771e-03 4.695982188037648442e-01 4.838579091185103015e-02 1.012043315453901567e-05 5.597611577775529063e-02
3.879739140046424214e-03 3.607936332485907061e-01 2.797612468221509843e-02 4.432408533215430671e-03 1.105338786338012683e-05 4.444567259865148806e-02 6.467337238863711535e-02 4.289819829777827276e-02 1.105338786338012683e-05 4.508787443351386925e-01
9.867963152507674973e-02 1.023541453428863735e-05 1.085977482088024311e-02 1.023541453428863735e-05 3.020573183213919322e-01 9.314227226202659261e-04 5.395189355168883427e-01 4.432958034800409119e-02 1.023541453428863735e-05 3.592630501535311847e-03
2.180685358255451478e-04 1.038421599169262617e-05 1.038421599169262617e-05 3.053997923156801311e-02 8.629283489096570281e-03 1.888992731048805274e-01 5.796573208722740622e-01 1.905607476635513553e-01 1.038421599169262617e-05 1.464174454828660139e-03
8.538055066283488370e-03 5.878372114582367663e-02 2.873829609715398449e-04 9.363122276814684220e-04 5.942337999443774062e-03 1.187540558079169285e-02 1.622415870955780104e-01 4.701029016408640043e-02 9.270418095856124466e-06 7.043756373412440874e-01
4.017101629999109656e-03 4.818740536207357338e-03 7.214750155874231300e-04 1.701255900953059811e-03 8.907098957869421881e-06 6.966242094949674779e-02 3.164781330720584096e-01 3.562928654137347273e-01 2.761200676939520936e-04 2.460229803153113071e-01
1.457725947521865798e-05 1.457725947521865798e-05 1.457725947521865798e-05 1.457725947521865798e-05 1.036443148688046510e-02 1.648688046647230065e-02 6.517492711370262426e-02 8.931632653061223337e-01 1.457725947521865798e-05 1.473760932944606118e-02
8.777797866570239554e-03 5.310160911227626013e-01 9.039956608208280308e-06 9.039956608208280308e-06 9.039956608208280308e-06 9.139396130898570780e-03 1.709546194178267753e-01 4.257819562466100098e-03 9.039956608208280308e-06 2.758181160730428516e-01
1.177578897786151818e-05 1.177578897786151818e-05 1.177578897786151818e-05 1.177578897786151818e-05 1.071596796985397997e-03 2.013659915214319369e-03 6.045807819123881766e-01 1.177578897786151818e-05 3.904969382948657586e-01 1.778144135657089026e-03
1.810884205952639214e-01 3.367369107104061995e-04 1.348033890940690538e-02 4.453617206169887903e-04 5.019552465783184286e-02 3.357592874212469991e-02 6.140669128829023826e-01 6.008038235933085836e-02 1.086248099065826450e-05 4.671953074082119822e-02
3.968408367048291141e-01 1.730222949126280401e-03 8.608074373762588746e-06 1.471980717913402674e-03 4.528707928036497521e-02 1.954893690281483618e-02 3.614616510286648432e-01 1.658862012567788313e-01 8.608074373762588746e-06 7.755875010760091351e-03
1.549110085695451196e-03 1.098659635245000942e-05 1.224016699626455373e-01 1.098659635245000942e-05 1.022852120413095776e-02 1.208525598769501002e-04 8.653153153153151367e-01 3.405844869259503022e-04 1.098659635245000942e-05 1.098659635245000942e-05
4.590552347104989630e-04 1.480823337775803287e-05 1.480823337775803287e-05 1.628905671553383531e-04 6.071375684880792002e-04 8.899748260032577796e-03 2.000592329335109873e-02 9.661039537983118208e-01 1.480823337775803287e-05 3.716866577817265916e-03
5.972929343101949715e-03 1.241773252204147640e-05 1.241773252204147640e-05 1.750900285607848031e-03 7.835589221408171753e-03 5.303613560163914636e-02 2.020489258661368193e-01 3.751396994908729604e-02 1.241773252204147640e-05 6.918042965354527229e-01
1.071811361200428658e-05 1.178992497320471524e-04 7.609860664523042254e-04 1.823151125401928710e-02 1.071811361200428658e-05 3.802893890675240196e-01 5.114790996784565058e-01 5.885316184351552932e-02 1.725616291532690045e-03 2.852090032154340482e-02
7.331378299120234598e-06 8.137829912023459861e-04 7.331378299120234598e-06 7.331378299120234598e-06 9.604105571847506781e-04 1.686290322580644985e-01 3.761730205278592670e-02 7.558651026392961166e-03 7.331378299120234598e-06 7.843914956011730499e-01
1.553672316384180655e-03 2.871212121212121104e-01 9.116589625064201383e-04 1.284026707755521360e-05 5.264509501797636761e-04 3.351309707241910667e-03 3.388674884437596346e-01 3.008602978941961603e-01 1.284026707755521360e-05 6.678222907036467093e-02
1.461292258451690231e-02 1.000200040008001739e-05 2.588617723544708871e-01 1.000200040008001739e-05 3.711742348469693892e-02 2.681536307261452382e-02 5.791258251650330813e-01 4.271854370874175050e-02 2.100420084016803583e-04 4.051810362072414545e-02
1.232134056185312836e-05 1.232134056185312836e-05 3.215993100049284736e-01 7.281912272055199309e-03 1.232134056185312836e-05 1.060867422375554210e-02 6.377649088220798124e-01 1.652291769344504599e-02 1.232134056185312836e-05 6.172991621488417222e-03
1.832337675056311746e-02 1.861717755361864610e-02 1.274116149250807857e-02 2.579668984428557521e-01 9.891293702869454699e-04 1.323082949760062688e-02 3.346489080403486360e-01 2.410145921065517602e-02 2.706003329742434627e-01 4.878072666731955720e-02
1.042970379641218070e-05 1.042970379641218070e-05 1.336045056320400194e-02 5.549645390070920975e-02 1.147267417605339894e-04 1.836670838548184678e-02 8.725594493116394235e-01 1.596787651230704638e-02 2.013975803087192026e-02 3.973717146433040914e-03
5.227065267001368420e-02 1.141031492469191938e-05 1.141031492469191938e-05 1.461661341853034805e-02 8.340940209949791739e-03 2.148676403468735285e-01 5.781720675490642503e-01 1.252966681880419431e-01 3.776814240073025561e-03 2.635782747603833583e-03
6.161747963919782523e-01 8.853664944390925509e-03 2.022944215780716256e-03 2.831333742008931842e-01 1.209387862334704994e-02 2.882038707417461723e-02 5.525877922760311090e-03 1.524651895962868611e-02 1.305718539276643983e-02 1.507137227427970613e-02
1.056747331712987527e-05 1.056747331712987527e-05 2.317552573179752495e-01 1.056747331712987527e-05 1.056747331712987527e-05 5.822677797738561034e-03 5.844975166437704761e-01 1.736341540737609546e-01 1.056747331712987527e-05 4.237556800169079395e-03
4.436660375263683509e-01 1.110247585211502207e-05 2.331519928944154668e-04 2.120572887753969116e-03 1.999555900965915498e-02 3.565004996114133629e-02 4.543244143443987970e-01 1.787498612190518543e-03 1.110247585211502207e-05 4.220051071388920133e-02
1.036699149906697213e-05 1.036699149906697213e-05 3.681422351233671897e-01 5.401202571013892333e-03 9.433962264150943470e-04 9.383164005805515184e-02 5.249948165042505055e-01 3.949823761144516214e-03 1.036699149906697213e-05 2.705784781256479355e-03
6.401173530370529718e-02 8.269042703466258221e-03 6.890144518091925740e-02 1.640769314354014645e-03 1.086602194936433568e-05 1.194284472454634066e-01 4.797457350863847947e-01 1.370205367814842680e-02 1.394219276322937739e-01 1.048679778333152096e-01
1.176193836744295582e-05 1.176193836744295582e-05 1.176193836744295582e-05 1.189131968948482602e-02 1.176193836744295582e-05 2.026699600094095388e-01 4.200305810397553241e-01 1.894848270995060091e-02 3.404022582921665263e-01 6.010350505763349845e-03
1.192179303767286686e-05 1.192179303767286686e-05 1.192179303767286686e-05 1.192179303767286686e-05 1.192179303767286686e-05 2.873152122079160927e-03 5.393538388173582110e-01 1.192179303767286686e-05 4.559012875536480602e-01 1.800190748688602774e-03
3.056854796798669921e-02 3.077642656688494086e-02 1.039496933790666211e-01 1.039392994491217138e-05 1.289886706163600322e-02 3.108824446523230506e-02 2.300280636108512633e-01 1.761875064962062087e-01 1.039392994491217138e-05 3.844818625922460931e-01
2.534343044568782566e-01 9.849508006945784100e-03 2.025853752652903854e-04 2.035500675284584310e-03 9.646922631680494785e-06 1.775998456492378780e-02 4.674030484275516484e-01 1.986397839089330541e-01 7.148369670075245194e-03 4.351726799151071218e-02
1.124859392575928124e-05 1.361079865016872866e-03 2.700899887514060516e-01 9.111361079865016839e-04 1.958380202474690676e-02 1.024746906636670417e-02 6.900000000000000577e-01 5.635545556805399148e-03 1.361079865016872866e-03 7.986501687289088072e-04
4.149026248941574922e-03 2.916549063881832817e-04 9.408222786715589789e-06 6.746730642581616477e-01 2.361463919465612866e-03 1.261642675698560444e-02 2.900649167372283399e-01 4.243108476808731162e-03 4.807601844011666001e-03 6.783328629221939236e-03
4.448416327209243903e-02 8.313242996092775507e-06 8.313242996092775507e-06 8.313242996092775507e-06 1.837226702136503199e-03 3.201513010225288114e-01 4.432704297946628569e-01 1.799900241084046448e-01 3.167345581511347118e-03 7.074569789674950600e-03
1.246967071057192289e-01 9.628345850182939511e-06 9.628345850182939511e-06 9.628345850182939511e-06 9.628345850182939511e-06 2.523589447332948502e-02 4.566820720200269745e-01 9.725592143269785883e-02 2.504429039091083942e-01 4.564798767571731641e-02
4.582125056637970095e-01 4.736067059356592612e-02 2.378794743996375243e-04 2.459220661531490507e-02 7.487539646579065983e-03 1.823742637063887695e-03 3.580765745355686258e-01 6.605120072496602213e-02 3.467376529225192627e-02 1.483914816492976768e-03
6.663201663201661663e-03 1.039501039501039322e-05 5.301455301455300015e-04 1.039501039501039322e-05 4.178898128898128062e-01 1.039501039501039322e-05 7.152806652806652232e-02 5.033367983367982301e-01 1.039501039501039322e-05 1.039501039501039322e-05
4.924174960712414673e-01 1.440544787847040356e-04 1.309586170770036703e-05 1.309586170770036703e-05 1.309586170770036703e-05 3.078837087480356186e-02 2.192378208486118196e-01 3.026453640649554716e-02 1.453640649554740691e-03 2.256547930853849970e-01
2.315334268349696079e-02 1.168770453482936009e-05 1.168770453482936009e-05 1.915731650303880151e-01 8.894343151005141418e-03 7.937120149602618080e-02 3.797452080411407027e-01 1.029686769518466452e-02 3.014375876577840008e-01 5.504908835904628699e-03
8.293374019180470638e-03 1.089799476896251167e-05 1.089799476896251167e-05 5.023975588491717999e-03 2.104402789886660949e-02 3.934285091543155977e-01 3.913578901482127059e-01 1.608653007846556071e-01 1.198779424585876300e-04 1.984524847428073210e-02
9.456264775413710595e-06 9.456264775413710595e-06 1.851631205673758551e-01 9.456264775413710595e-06 2.329172576832150843e-01 2.752718676122931085e-02 5.115933806146572005e-01 4.275177304964538488e-02 9.456264775413710595e-06 9.456264775413710595e-06
7.621201577360241231e-02 3.723034098816979838e-03 1.159823706796566930e-05 3.027139874739039754e-03 1.635351426583159370e-03 2.868360009278589362e-01 2.155068429598700763e-01 3.432034330781720821e-01 6.622593365808396998e-03 6.322199025748086176e-02
1.079563856202094241e-05 1.609629709597322142e-02 4.027852747490013458e-02 1.079563856202094241e-05 1.231782359926589417e-02 5.431285760552735653e-02 1.275072870560293170e-01 7.226708409802439226e-01 1.079563856202094241e-05 2.678397927237395615e-02
1.114702931668710402e-05 3.132315237989076028e-03 3.267194292720990156e-02 4.211459146137554455e-01 4.358488462824657711e-03 1.818080481551666294e-02 5.123286144242559237e-01 5.250250808159625734e-03 1.114702931668710402e-05 2.909374651655334022e-03
8.092974727567817106e-02 9.981451425921630122e-03 1.264780894968698874e-02 1.159285879897982679e-05 2.319731045675862968e-02 3.953164850452120516e-03 1.890911198701599183e-01 6.757593322513331113e-01 1.159285879897982679e-05 4.416879202411313696e-03
9.801999607920014446e-06 9.801999607920014446e-06 1.866398745344049759e-01 1.078219956871201657e-04 9.801999607920014446e-06 7.911193883552243566e-02 6.770339149186432870e-01 4.215840031366398233e-02 9.801999607920014446e-06 1.490884140364634111e-02
5.931619623655914192e-02 2.409358198924731187e-01 8.400537634408602143e-06 8.400537634408602143e-06 7.400873655913978166e-03 7.057291666666666574e-02 5.721690188172042779e-01 8.400537634408602143e-06 8.400537634408602143e-06 4.957157258064516514e-02
1.147291539866098463e-02 1.872692229661188923e-01 6.797524852911340787e-02 1.014404544532359558e-05 1.167579630756745805e-02 6.806654493812131466e-03 2.862751065124771732e-01 1.115946439440048538e-01 6.187867721647392341e-04 3.163014810306349900e-01
9.948269001193792456e-06 2.089136490250696602e-04 6.078392359729407023e-03 9.948269001193792456e-06 1.900119379228014469e-03 3.462992439315559084e-02 2.936828491842419231e-01 4.700656585754079408e-01 9.948269001193792456e-06 1.934042976522085122e-01
1.020304050607081000e-05 1.020304050607081000e-05 1.020304050607081000e-05 7.306499336802367850e-01 1.020304050607081000e-05 2.653810835629017567e-02 2.285583103764921853e-01 8.274665850423424882e-03 1.020304050607081000e-05 5.927966534027140008e-03
1.241815308195980843e-04 3.398058252427183998e-03 1.365996839015578765e-03 2.269135244976292105e-03 1.128923007450891676e-05 3.033529013321290546e-01 5.989049446827725554e-01 4.031384059607134168e-02 3.658839467148339991e-02 1.367125762023029684e-02
1.185600344901918609e-04 2.809980599267083434e-01 1.196378529855572290e-03 1.077818495365380476e-05 7.339943953438240500e-03 2.167492994179780197e-02 5.396744988143996613e-01 7.847596464755335344e-02 1.077818495365380476e-05 7.050010778184953586e-02
2.004788306451612753e-02 1.260080645161290321e-05 4.044858870967741639e-03 1.260080645161290321e-05 7.152343749999999778e-01 1.260080645161290321e-05 1.911668346774193228e-01 5.923639112903225645e-02 1.260080645161290321e-05 1.021925403225806307e-02
6.809661299278179092e-01 1.110494169905608114e-05 1.110494169905608114e-05 1.110494169905608114e-05 1.110494169905608114e-05 1.411438089950027737e-02 2.314380899500277644e-01 4.465297057190450308e-02 1.110494169905608114e-05 2.877290394225430481e-02
1.141031492469192276e-05 2.396166134185303577e-04 1.141031492469192276e-05 1.164993153811045082e-02 3.434504792332268488e-03 1.050890004564125971e-02 5.454244637151985931e-01 1.141031492469192276e-05 4.258443633044272092e-01 2.863989046097672499e-03
3.570454932697222916e-02 8.519338899301414638e-06 8.519338899301414638e-06 3.124978701652751933e-01 1.832509797239734173e-02 6.271085363775771859e-02 5.271852104276708584e-01 1.108365990799113979e-02 3.671835065598909580e-03 2.880388481853808288e-02
1.430243141334026989e-04 1.300221037576388125e-05 1.300221037576388125e-05 5.253023013912364592e-01 1.300221037576388125e-05 3.407879339487713405e-02 4.357170719022233629e-01 1.300221037576388125e-05 1.300221037576388125e-05 4.693797945650761243e-03
4.304107909258123379e-03 1.226241569589209042e-05 1.992765174739423439e-01 1.226241569589209042e-05 7.480073574494173648e-04 7.737584304107908602e-03 5.948620478234212250e-01 1.873819742489269968e-01 1.226241569589209042e-05 5.652973635806253505e-03
2.551968903160385400e-03 1.690045631232043271e-05 2.720973466283590093e-03 8.129119486226127692e-03 3.246577657596755317e-02 7.150583065742775746e-02 1.889640020280547450e-01 6.915835727564644264e-01 1.690045631232043271e-05 2.044955213790772188e-03
1.240834743372814597e-04 6.102650874224478661e-03 6.441060349689791201e-03 1.106598984771573618e-02 1.591652566271855446e-02 6.949802594472645478e-02 2.896897913141567860e-01 2.217822899041173024e-01 2.594585448392555116e-01 1.199210377890580770e-01
1.494511427028972182e-02 1.988482994421450316e-03 9.897426669066041848e-05 3.464999100233939061e-02 1.125607342091056173e-02 2.916141803131185734e-02 8.726021234479034439e-01 2.619219003059204340e-02 6.388339031851717267e-04 8.466798632355585635e-03
5.453996071914186429e-03 5.605076295512917590e-03 1.223749811149720413e-03 1.510802235987309311e-05 8.324520320290074160e-03 4.698746034144130612e-01 9.595105000755400904e-02 1.467140051367276099e-01 1.979150929143374919e-03 2.648587399909351769e-01
6.584136722173531027e-03 1.459355828220858520e-01 3.078439964943031817e-03 1.095530236634530935e-05 1.982909728308500895e-03 4.514680105170901930e-02 6.885517090271690011e-01 1.078111305872041931e-01 8.873794916739699730e-04 1.095530236634530935e-05
3.928947764564203089e-03 1.505343971097395914e-05 1.505343971097395914e-05 1.505343971097395914e-05 1.505343971097395914e-05 2.906819208189071260e-02 1.029805810627728441e-01 2.613427668222188527e-01 1.655878368207135522e-04 6.024537106728887759e-01
4.344932315168343884e-01 6.343283582089550947e-03 9.545296771954182261e-05 1.883894481082956998e-02 6.777160708087467955e-03 3.029330093717459010e-02 4.541044776119402826e-01 1.233078792086081052e-02 5.301978479694549433e-03 3.142138146476917276e-02
1.073537305421363403e-05 1.073537305421363403e-05 2.998497047772409885e-01 1.073537305421363403e-05 3.768115942028985466e-03 8.921095008051528608e-03 6.717230273752012870e-01 9.243156199677938015e-03 7.622114868491680195e-04 5.700483091787439741e-03
6.907642669893124254e-02 1.008267795926598129e-05 1.008267795926598129e-05 1.008267795926598129e-05 1.109094575519257959e-04 1.824964710627142734e-03 1.519560395240975859e-01 1.008267795926598129e-05 1.119177253478523823e-03 7.758721516434765597e-01
2.270458327030705839e-02 2.586598094085614582e-03 7.363636363636362203e-01 1.512630464377552169e-05 1.680532445923460516e-02 4.932687944335197722e-02 1.378157616094387861e-01 1.256995915897745827e-02 1.663893510815307589e-04 2.164574194524276907e-02
1.006441223832528211e-05 1.006441223832528211e-05 1.006441223832528211e-05 2.486916264090176937e-02 5.444847020933977697e-03 3.714774557165861912e-02 5.100744766505636019e-01 5.345209339774557172e-02 3.631340579710145011e-01 5.847423510466989022e-03
2.332296756996890443e-04 3.009773434029320606e-03 2.256885828520657500e-01 1.110617503331852592e-05 1.110617503331852592e-05 9.340293203020879134e-03 6.071856952465570778e-01 3.488449577965348908e-02 1.232785428698356242e-03 1.184029320302087823e-01
9.780907668231611098e-06 9.780907668231611098e-06 4.255672926447574139e-02 4.019953051643192048e-03 2.259389671361502084e-03 1.918035993740218811e-02 8.922241784037557855e-01 1.565923317683880558e-02 9.780907668231611098e-06 2.407081377151799179e-02
3.060609572372232842e-02 2.433653957584887772e-04 1.158882836945184613e-05 2.411635183682929104e-02 8.007880403291225274e-03 4.474446633445357951e-02 3.187043689882951836e-01 5.552323560088073817e-01 1.286359949009154837e-03 1.704716653146366376e-02
9.531537379638644822e-03 3.783511846802986023e-01 1.081899816077031313e-05 1.525478740668614148e-03 2.174618630314833004e-03 9.639727361246347784e-03 5.129395218002813506e-01 1.081899816077031313e-05 5.853078004976738913e-03 7.996321540625338231e-02
4.811316624712705936e-01 1.203896246032614483e-04 5.581700777060302808e-04 1.094451132756922319e-05 7.343767100798947491e-03 1.139323629199955924e-02 4.546459450585531026e-01 3.809784393126846441e-02 1.543176097187260246e-03 5.154864835285103558e-03
5.607729817590752577e-03 1.303142495936427392e-01 7.233158750225752130e-03 1.896333754740834167e-04 9.030160736861115968e-06 5.969839263138883301e-02 6.921708506411413664e-01 2.077839985551742374e-02 1.544157486003250659e-03 8.245439768827883542e-02
1.064509261230572536e-05 1.064509261230572536e-05 1.454226101767084889e-01 4.907387694272939520e-03 6.078347881626569062e-03 5.758995103257397684e-03 8.288375558867361326e-01 1.064509261230572536e-05 6.397700659995741307e-03 2.565467319565680002e-03
2.121416682078786642e-01 9.247272054743851648e-06 9.247272054743851648e-06 3.246717218420566015e-02 5.280192343258738666e-03 2.682633623081191396e-02 6.008045126687627802e-01 2.063066395413352960e-02 5.345847974847420248e-02 4.837248011836508405e-02
4.507142027639066129e-01 9.998838694692833984e-03 1.161305307165253846e-05 1.161305307165253846e-05 5.121356404598769070e-03 1.673440947625130445e-02 3.127511322726744813e-01 1.372779003600046455e-01 3.600046452212286906e-04 6.701892927650679455e-02
9.173546826786757146e-05 1.509465432407639191e-03 9.173546826786757146e-05 3.261612876323909810e-02 6.012842965557501154e-03 1.093319989992494294e-02 1.586273038111917222e-01 4.312400967392211043e-02 1.592861312651155069e-03 7.454007172045701290e-01
1.160318866253321271e-03 8.857395925597872738e-06 8.857395925597872738e-06 8.822852081488041787e-02 2.311780336581044978e-03 1.550930026572187523e-02 4.782196634189547768e-01 9.486271036315321523e-03 2.465101860053143801e-01 1.585562444641274993e-01
3.561413348289400177e-03 9.347541596560106025e-06 9.347541596560106025e-06 9.347541596560106025e-06 1.412413535240231686e-02 2.309777528510001746e-02 1.464853243596933863e-01 2.805197233127687539e-02 9.347541596560106025e-06 7.846419891568517935e-01
2.565082900272209199e-01 2.598366740905716076e-04 1.237317495669388745e-05 1.361049245236327636e-04 5.754763672358326893e-02 8.784954219252658547e-04 6.820217767879237503e-01 1.249690670626082576e-03 1.361049245236327636e-04 1.249690670626082576e-03
1.045041279130525570e-05 1.753683770508934758e-01 1.891524715226251168e-03 1.725363151844497636e-02 1.996028843139303986e-03 1.223743337861845325e-02 7.365555439439857022e-01 3.543734977531612373e-02 3.877103145574249503e-03 1.537255721601002954e-02
1.114330287497214029e-05 5.683084466235790565e-04 2.134053933585914331e-01 1.114330287497214029e-05 1.114330287497214029e-05 1.114330287497214029e-05 5.925005571651437153e-01 1.433140182750166636e-01 1.114330287497214029e-05 5.015600624024960097e-02
3.721695760598503488e-02 9.975062344139648833e-06 9.975062344139648833e-06 9.975062344139648833e-06 1.128179551122194223e-02 6.395012468827929175e-02 4.100847880299251513e-01 4.625536159600996955e-01 1.406483790523690384e-03 1.347630922693266592e-02
6.398168770106407721e-02 1.237317495669388575e-05 3.341994555803018407e-02 8.549863895075473369e-03 1.164315763424894450e-02 5.111358574610243982e-02 6.080301905468942225e-01 2.128309824300914921e-01 1.040584013857955709e-02 1.237317495669388575e-05
7.614371534195933655e-02 1.155268022181146146e-05 1.155268022181146146e-05 1.155268022181146146e-05 1.158849353049907632e-01 3.282116451016636044e-02 3.478627541589648930e-01 1.885512939001848243e-01 1.155268022181146146e-05 2.386899260628465580e-01
1.224548237385207766e-01 3.180606299990125507e-02 2.448010269576380016e-01 9.874592673052237657e-06 9.874592673052237657e-06 2.430137256838155527e-02 3.018761726078799112e-01 1.970079984200651668e-01 9.874592673052237657e-06 7.772291892959415360e-02
1.031034127229611424e-05 1.031034127229611424e-05 1.031034127229611424e-05 2.753892153830292053e-02 1.031034127229611424e-05 5.784101453758119446e-03 5.838849365914011713e-01 1.031034127229611424e-05 1.465099494793277619e-02 3.680894937622435359e-01
1.984890608001933787e-01 1.208751359845279870e-05 8.352471896530882720e-03 1.208751359845279870e-05 5.572343768886740302e-03 4.364801160401305530e-02 6.236069140577783498e-01 6.081228091381603307e-02 1.208751359845279870e-05 5.948265441798622488e-02
4.878961816820564547e-03 1.247816321437484425e-05 1.247816321437484425e-05 1.372597953581232834e-04 4.896556026952832430e-01 1.247816321437484425e-05 4.865360618916895197e-01 1.436236585974544518e-02 1.247816321437484425e-05 4.379835288245570099e-03
1.118097507019484294e-01 8.508465923593976020e-06 9.359312515953374808e-05 8.508465923593976020e-06 8.508465923593976020e-06 2.106781247341104335e-01 1.540117416829745456e-01 4.382710797243256906e-02 4.743554837062877727e-01 5.198672679315919157e-03
1.373485753284422496e-03 4.350793379969288390e-04 8.530967411704487238e-06 8.530967411704487238e-06 1.468179491554342207e-02 3.788602627537963202e-02 5.151936529602457737e-01 1.111670363419211688e-01 2.754734686913495878e-01 4.377239378945572967e-02
4.737470167064439241e-02 2.690471819350101143e-02 6.801909307875894130e-03 9.179364787956673742e-06 5.747200293739673088e-02 8.620341472370111890e-02 2.557462823572608790e-01 3.375344226179548546e-01 3.038369744813659065e-03 1.789149990820635139e-01
7.682319844189566945e-04 1.082016879463319467e-05 4.771694438433238435e-03 1.082016879463319467e-05 1.190218567409651431e-04 8.927721272451848156e-02 8.385739017528671679e-01 2.413979658082665569e-02 6.600302964726248054e-04 4.166847002813243300e-02
1.169317118802619386e-05 1.169317118802619386e-05 2.634588400374181516e-01 3.624883068288119810e-04 4.455098222637979451e-03 4.222404115996258173e-02 6.357694106641721410e-01 3.298643592142189163e-02 1.169317118802619386e-05 2.070860617399438580e-02
1.074460083807886414e-05 1.074460083807886414e-05 1.074460083807886414e-05 1.074460083807886414e-05 8.123992693671429344e-02 4.589019017943482548e-02 3.482325131621359648e-02 8.257333190071987072e-01 5.479746427420219409e-04 1.172235951434403949e-02
8.964589870013447916e-06 7.656656207978485007e-02 8.964589870013447916e-06 8.964589870013447916e-06 5.477364410578216582e-03 2.202689376961003975e-01 1.329538323621694274e-01 1.153832362169430609e-01 1.882563872702823927e-04 4.491349170775437161e-01
1.046791583795666181e-05 4.291845493562230444e-04 6.930807076311105985e-02 1.790013608290589144e-03 1.151470742175232816e-04 4.052130220873023658e-02 6.290275306186537962e-01 1.801528315712341149e-02 2.318748037265779827e-01 8.908196378101118293e-03
3.093194971063659561e-04 1.102674116942725657e-01 9.978048293753741339e-06 9.978048293753741339e-06 2.095390141688285596e-04 6.395928956296146814e-03 7.040610656555577052e-01 4.920175613649969276e-02 9.978048293753741339e-06 1.295250449012173011e-01
1.314688657822397737e-04 1.195171507111270577e-05 1.195171507111270577e-05 4.673120592805067412e-03 1.195171507111270577e-05 3.658419983267598846e-02 5.955659137086172228e-01 2.509860164933668111e-04 3.617903669176526504e-01 9.680889207601290356e-04
1.970857463104800939e-03 9.340556697179150776e-06 9.340556697179150776e-06 2.718101998879132730e-03 5.577246403885671028e-02 4.014664674014570833e-01 4.727349150009340084e-01 5.353073043153371013e-02 9.340556697179150776e-06 1.177844199514290792e-02
9.209701024461633065e-03 2.310265523729876456e-03 2.195274932051013669e-04 4.454317374033033017e-02 8.791553418356677987e-03 4.203428810370059970e-02 4.914384277650009625e-01 1.045369015262387558e-05 3.935918879364414535e-01 7.850721304620528196e-03
4.589462129527990819e-02 3.402854006586168646e-04 4.500548847420415897e-04 6.971459934138309056e-02 5.060373216245883134e-03 5.709110867178923687e-02 5.535784851811196283e-01 3.436882546652030024e-02 2.210867178924258436e-01 1.241492864983534221e-02
4.314852082914066855e-01 2.827530690279733954e-03 9.971825316965181665e-03 2.093982692694706590e-02 1.006238679814851978e-05 1.751861541557657095e-02 4.873314550211309548e-01 4.125578587240892603e-04 1.852485409539142425e-02 1.097806399678003322e-02
7.954183900731784425e-06 7.954183900731784425e-06 4.121062678969137499e-02 7.954183900731784425e-06 7.954183900731784425e-06 3.698775055679286994e-01 4.940343620744511166e-02 4.335825644288895248e-02 7.954183900731784425e-06 4.961104040725420883e-01
1.043405676126877958e-05 1.043405676126877958e-05 2.110914023372286730e-01 1.043405676126877958e-05 5.520659432387311355e-02 1.420075125208680733e-02 6.150980801335558246e-01 9.318656093489147141e-02 7.408180300500832654e-04 1.044449081803004720e-02
1.124227093872962418e-05 1.124227093872962418e-05 1.236649803260258694e-04 1.247892074198988111e-03 1.124227093872962418e-05 1.338954468802698063e-02 5.574030354131535026e-01 1.192804946599212990e-02 4.142889263631253649e-01 1.585160202360876925e-03
1.232437761893024125e-05 1.355681538082326707e-04 1.232437761893024125e-05 1.189425684002957673e-01 3.820557061868374822e-04 5.695094897707664999e-02 5.939240818338673567e-01 2.588119299975351036e-04 2.257949223564209296e-01 3.586393887108700520e-03
3.549398321367175108e-03 1.011224592982101166e-05 2.437051269086863876e-03 2.335928809788653804e-03 1.062797047224188322e-02 2.159065628476083964e-01 7.406310041460206772e-01 1.011224592982101166e-05 1.011224592982101166e-05 2.448174739609666750e-02
5.854629056503669188e-02 1.856928110354584614e-04 3.015297550623396820e-03 8.842514811212307202e-06 1.937394995136616435e-02 8.666548766469182874e-02 4.151649129012290884e-01 4.027853921655318303e-01 2.661596958174904451e-03 1.159253691749933396e-02
4.359498849399130738e-03 1.278445410380976626e-05 2.313986192789567811e-03 2.569675274865762960e-03 1.471618511889541958e-01 1.841089235489644371e-01 5.354257223216568606e-01 1.522628483763742956e-02 1.163385323446688557e-03 1.076578880081820455e-01
2.256554307116104708e-03 9.363295880149811413e-06 2.911985018726591205e-03 9.363295880149811413e-06 5.412921348314606029e-02 1.779962546816479113e-02 3.764981273408238988e-02 8.771629213483145282e-01 2.902621722846441318e-04 7.780898876404492882e-03
5.672738894215402982e-04 2.245126238414828744e-03 5.600830936401404551e-03 7.989773090444230388e-06 7.989773090444230388e-06 4.593400447427292699e-01 6.384627676573984001e-02 3.170421860019174698e-01 7.989773090444230388e-06 1.513342921061041624e-01
5.314917127071823282e-03 1.215469613259668606e-04 1.226519337016574503e-03 1.139226519337016574e-02 9.513812154696132603e-03 9.292817679558010649e-03 5.915027624309392440e-01 8.629834254143646521e-03 8.519337016574585544e-03 3.544861878453038351e-01
9.974067424695792173e-06 9.974067424695792173e-06 9.974067424695792173e-06 4.089367644125274062e-04 9.974067424695792173e-06 9.207061639736684178e-02 1.195990424895272269e-01 2.534410532615200343e-02 9.974067424695792173e-06 7.625274286854178962e-01
8.931761343336907179e-06 8.931761343336907179e-06 9.824937477670598067e-05 7.294658806716685095e-01 8.931761343336907179e-06 8.931761343336907179e-06 2.612629510539478117e-01 4.296177206145051532e-03 8.931761343336907179e-06 4.832082886745266322e-03
9.638554216867470443e-06 5.879518072289156242e-04 3.799614457831325121e-01 4.915662650602409299e-04 9.638554216867470443e-06 2.593734939759036531e-02 4.594795180722892058e-01 1.277204819277108216e-01 9.638554216867470443e-06 5.792771084337349115e-03
2.123221605980226204e-02 1.205690860863274422e-05 1.205690860863274422e-05 1.205690860863274422e-05 1.205690860863274422e-05 1.243067277550035862e-02 8.272244996382925597e-02 8.798046780805399703e-01 1.205690860863274422e-05 3.749698577284783438e-03
4.823556370302474992e-03 1.145737855178735143e-05 1.145737855178735143e-05 7.398143904674611138e-01 1.145737855178735143e-05 7.687901008249312280e-03 2.466888175985334497e-01 2.406049495875343936e-04 1.145737855178735143e-05 6.989000916590283694e-04
5.864087301587300738e-02 9.920634920634918932e-06 9.920634920634918932e-06 6.360119047619046395e-02 1.091269841269841133e-04 1.360119047619047332e-02 5.452480158730158566e-01 2.183531746031745421e-02 2.273908730158729630e-01 6.955357142857142294e-02
1.466862248299773467e-04 1.333511134817975786e-05 4.280570742765702277e-03 1.466862248299773467e-04 1.333511134817975786e-05 1.880250700093345686e-03 5.395519402587011237e-01 1.466862248299773467e-04 4.538071742899053018e-01 1.333511134817975786e-05
1.094091903719912480e-05 1.094091903719912480e-05 2.375382932166301975e-01 1.094091903719912480e-05 1.094091903719912480e-05 4.125820568927790477e-02 6.903829321663019769e-01 7.341356673960612415e-03 1.203501094091903779e-04 2.331509846827133428e-02
1.143118427069044349e-05 1.143118427069044349e-05 4.686785550983081270e-04 5.952331961591221798e-01 5.955647005029721108e-03 6.082533150434385472e-02 3.045381801554640777e-01 9.385002286236853591e-03 4.126657521719249988e-03 1.944444444444444475e-02
1.495886312640239180e-05 1.495886312640239180e-05 1.495886312640239180e-05 1.495886312640239180e-05 9.318025430067313764e-01 2.170531039640986870e-02 2.544502617801046654e-02 1.602094240837696054e-02 1.495886312640239180e-05 4.951383694839191565e-03
1.342118106393362762e-04 5.002440214738896728e-04 2.646534895070766225e-01 1.928989751098096617e-02 1.220107369448511571e-05 1.220107369448511571e-05 6.779038555392874477e-01 2.953879941434846279e-02 1.220107369448511571e-05 7.942898975109809190e-03
7.074815369795568222e-03 1.081023225944557301e-03 2.505726212137429076e-01 1.070320025687680652e-05 1.070320025687680652e-05 4.077919297870062978e-03 6.464839987156160150e-01 7.129401691105641259e-02 1.070320025687680652e-05 1.938349566520389602e-02
1.735101744186046298e-03 9.084302325581393529e-06 9.992732558139533390e-05 9.084302325581393529e-06 9.084302325581393529e-06 6.895893895348836899e-02 1.315497819767441623e-01 7.543695494186045680e-01 9.084302325581393529e-06 4.325036337209301612e-02
1.599068092767128978e-03 3.544530339934343077e-01 4.999470507254050872e-02 1.058985491898761096e-05 2.223869532987398148e-04 4.140633273324155310e-03 5.660383352748067365e-01 1.058985491898761096e-05 2.023721275018532106e-02 3.293444879805146677e-03
1.223091976516633915e-05 1.223091976516633915e-05 1.223091976516633915e-05 5.458781800391389050e-01 7.717710371819960259e-03 1.823630136986301165e-02 4.079134050880625639e-01 1.615704500978473387e-02 1.846868884540117141e-03 2.213796477495107769e-03
1.001903616872056927e-05 1.001903616872056927e-05 2.862538823765153895e-01 1.112113014727983233e-03 2.686103596833984766e-02 2.836389139364793241e-02 6.369201482817353765e-01 1.984771065023544639e-02 5.109708446047490091e-04 1.102093978559262654e-04
8.845643520566122054e-06 8.845643520566122054e-06 1.857585139318885614e-04 3.547103051747014894e-03 8.845643520566122054e-06 8.085802742149492128e-02 2.145157010172489831e-01 2.017691287041132112e-02 6.782927908005307316e-01 2.397169394073419071e-03
1.244062429314634667e-04 1.130965844831486199e-05 2.375028274146120900e-04 2.569667496041619370e-01 1.130965844831486199e-05 1.130965844831486199e-05 4.343021940737389897e-01 1.130965844831486199e-05 3.048066048405337902e-01 3.517303777425922085e-03
1.214329083181542310e-05 1.214329083181542310e-05 1.214329083181542310e-05 7.331026108075289205e-01 1.214329083181542310e-05 9.848208864602307072e-03 2.370491803278688414e-01 1.214329083181542310e-05 5.962355798421372331e-03 1.397692774741954996e-02
7.903888713246918436e-06 2.450205501106544393e-04 8.694277584571610449e-05 7.903888713246918436e-06 8.386025924754979266e-03 6.537306354726525603e-02 3.446885867846980617e-02 1.754742333227947981e-01 7.903888713246918436e-06 7.159421435346190465e-01
8.725823591923485834e-02 1.903294367693942474e-02 1.062699256110520708e-05 5.536663124335813174e-03 2.454835281615302955e-03 4.421891604675876747e-02 1.541020191285865926e-01 6.430393198724761172e-02 2.242295430393198997e-03 6.208395324123273662e-01
1.081548777849881131e-05 1.081548777849881131e-05 3.167964525200086534e-01 1.189703655634869194e-04 1.081548777849881131e-05 4.985939865887951614e-03 6.513194895089768899e-01 2.640060566731559574e-02 1.081548777849881131e-05 3.352801211334631524e-04
