2.000000000000000042e-02 2.000000000000000042e-02 2.000000000000000042e-02 2.000000000000000042e-02 2.000000000000000042e-02 6.199999999999999956e-01 2.000000000000000042e-02 2.200000000000000289e-01 2.000000000000000042e-02 2.000000000000000042e-02
2.500000000000000139e-02 2.500000000000000139e-02 2.500000000000000139e-02 2.500000000000000139e-02 2.500000000000000139e-02 2.500000000000000139e-02 2.500000000000000139e-02 2.500000000000000139e-02 2.500000000000000139e-02 7.750000000000000222e-01
4.999999999999998890e-02 5.499999999999999334e-01 4.999999999999998890e-02 4.999999999999998890e-02 4.999999999999998890e-02 4.999999999999998890e-02 4.999999999999998890e-02 4.999999999999998890e-02 4.999999999999998890e-02 4.999999999999998890e-02
5.263157894736841987e-03 4.263157894736842035e-01 5.263157894736841987e-03 5.263157894736841987e-03 5.263157894736841987e-03 5.263157894736841987e-03 5.263157894736841987e-03 5.263157894736841987e-03 2.157894736842105032e-01 3.210526315789473673e-01
4.545454545454545234e-03 4.545454545454545234e-03 4.545454545454545234e-03 4.999999999999999584e-02 4.545454545454545234e-03 4.545454545454545234e-03 9.136363636363635798e-01 4.545454545454545234e-03 4.545454545454545234e-03 4.545454545454545234e-03
2.499999999999999445e-02 2.499999999999999445e-02 2.499999999999999445e-02 2.749999999999999667e-01 2.499999999999999445e-02 2.749999999999999667e-01 2.499999999999999445e-02 2.749999999999999667e-01 2.499999999999999445e-02 2.499999999999999445e-02
1.111111111111111154e-02 1.111111111111111154e-02 1.111111111111111154e-02 1.111111111111111154e-02 2.333333333333333370e-01 1.111111111111111154e-02 1.111111111111111154e-02 1.111111111111111154e-02 1.111111111111111154e-02 6.777777777777777013e-01
2.000000000000000042e-02 2.000000000000000042e-02 2.000000000000000042e-02 2.000000000000000042e-02 2.000000000000000042e-02 2.000000000000000042e-02 2.200000000000000289e-01 2.000000000000000042e-02 6.199999999999999956e-01 2.000000000000000042e-02
5.250000000000000222e-01 2.500000000000000139e-02 2.750000000000000222e-01 2.500000000000000139e-02 2.500000000000000139e-02 2.500000000000000139e-02 2.500000000000000139e-02 2.500000000000000139e-02 2.500000000000000139e-02 2.500000000000000139e-02
8.500000000000000888e-01 1.666666666666666990e-02 1.666666666666666990e-02 1.666666666666666990e-02 1.666666666666666990e-02 1.666666666666666990e-02 1.666666666666666990e-02 1.666666666666666990e-02 1.666666666666666990e-02 1.666666666666666990e-02
3.333333333333333287e-02 3.333333333333333287e-02 3.333333333333333287e-02 3.333333333333333287e-02 6.999999999999999556e-01 3.333333333333333287e-02 3.333333333333333287e-02 3.333333333333333287e-02 3.333333333333333287e-02 3.333333333333333287e-02
2.157894736842105032e-01 5.263157894736841987e-03 4.789473684210526216e-01 5.263157894736841987e-03 1.631578947368421129e-01 5.263157894736841987e-03 5.263157894736841987e-03 1.105263157894736947e-01 5.263157894736841987e-03 5.263157894736841987e-03
4.999999999999998890e-02 4.999999999999998890e-02 4.999999999999998890e-02 4.999999999999998890e-02 4.999999999999998890e-02 4.999999999999998890e-02 5.499999999999999334e-01 4.999999999999998890e-02 4.999999999999998890e-02 4.999999999999998890e-02
1.250000000000000069e-02 1.250000000000000069e-02 1.250000000000000069e-02 1.250000000000000069e-02 1.250000000000000069e-02 1.250000000000000069e-02 6.374999999999999556e-01 1.250000000000000069e-02 1.250000000000000069e-02 2.625000000000000111e-01
7.692307692307692735e-03 7.692307692307692735e-03 7.692307692307692735e-03 8.461538461538462008e-02 7.692307692307692735e-03 7.692307692307692735e-03 7.692307692307692735e-03 7.692307692307692735e-03 7.692307692307692735e-03 8.538461538461538103e-01
1.250000000000000069e-02 1.250000000000000069e-02 1.250000000000000069e-02 1.250000000000000069e-02 1.250000000000000069e-02 1.250000000000000069e-02 3.875000000000000111e-01 1.250000000000000069e-02 1.250000000000000069e-02 5.124999999999999556e-01
3.333333333333333287e-02 3.333333333333333287e-02 3.333333333333333287e-02 6.999999999999999556e-01 3.333333333333333287e-02 3.333333333333333287e-02 3.333333333333333287e-02 3.333333333333333287e-02 3.333333333333333287e-02 3.333333333333333287e-02
4.999999999999998890e-02 4.999999999999998890e-02 4.999999999999998890e-02 4.999999999999998890e-02 4.999999999999998890e-02 5.499999999999999334e-01 4.999999999999998890e-02 4.999999999999998890e-02 4.999999999999998890e-02 4.999999999999998890e-02
2.500000000000000139e-02 2.500000000000000139e-02 2.500000000000000139e-02 2.500000000000000139e-02 2.500000000000000139e-02 2.500000000000000139e-02 7.750000000000000222e-01 2.500000000000000139e-02 2.500000000000000139e-02 2.500000000000000139e-02
1.428571428571428874e-02 1.428571428571428874e-02 5.857142857142857428e-01 1.428571428571428874e-02 1.428571428571428874e-02 1.571428571428571674e-01 1.428571428571428874e-02 1.571428571428571674e-01 1.428571428571428874e-02 1.428571428571428874e-02
6.666666666666667962e-03 6.666666666666667962e-03 4.066666666666666763e-01 6.666666666666667962e-03 6.666666666666667962e-03 6.666666666666667962e-03 6.666666666666667962e-03 3.400000000000000244e-01 6.666666666666667962e-03 2.066666666666666929e-01
4.999999999999998890e-02 4.999999999999998890e-02 5.499999999999999334e-01 4.999999999999998890e-02 4.999999999999998890e-02 4.999999999999998890e-02 4.999999999999998890e-02 4.999999999999998890e-02 4.999999999999998890e-02 4.999999999999998890e-02
2.818181818181818010e-01 9.090909090909092202e-03 9.090909090909092202e-03 9.090909090909092202e-03 9.090909090909092202e-03 9.090909090909092202e-03 1.000000000000000056e-01 9.090909090909092202e-03 9.090909090909092202e-03 5.545454545454545636e-01
1.222222222222222598e-01 1.111111111111111327e-02 1.111111111111111327e-02 1.111111111111111327e-02 1.111111111111111327e-02 7.888888888888889728e-01 1.111111111111111327e-02 1.111111111111111327e-02 1.111111111111111327e-02 1.111111111111111327e-02
1.222222222222222598e-01 1.111111111111111327e-02 1.111111111111111327e-02 1.111111111111111327e-02 1.111111111111111327e-02 1.111111111111111327e-02 6.777777777777779233e-01 1.222222222222222598e-01 1.111111111111111327e-02 1.111111111111111327e-02
1.000000000000000056e-01 9.090909090909092202e-03 9.090909090909092202e-03 1.909090909090909172e-01 6.454545454545453920e-01 9.090909090909092202e-03 9.090909090909092202e-03 9.090909090909092202e-03 9.090909090909092202e-03 9.090909090909092202e-03
1.666666666666666990e-02 1.666666666666666990e-02 6.833333333333333481e-01 1.666666666666666990e-02 1.666666666666666990e-02 1.666666666666666990e-02 1.666666666666666990e-02 1.833333333333333759e-01 1.666666666666666990e-02 1.666666666666666990e-02
2.499999999999999445e-02 2.499999999999999445e-02 2.749999999999999667e-01 2.499999999999999445e-02 2.499999999999999445e-02 5.249999999999999112e-01 2.499999999999999445e-02 2.499999999999999445e-02 2.499999999999999445e-02 2.499999999999999445e-02
2.500000000000000139e-02 2.500000000000000139e-02 2.500000000000000139e-02 2.500000000000000139e-02 2.500000000000000139e-02 2.500000000000000139e-02 2.500000000000000139e-02 7.750000000000000222e-01 2.500000000000000139e-02 2.500000000000000139e-02
2.000000000000000042e-02 2.000000000000000042e-02 2.000000000000000042e-02 2.000000000000000042e-02 4.200000000000000400e-01 2.000000000000000042e-02 4.200000000000000400e-01 2.000000000000000042e-02 2.000000000000000042e-02 2.000000000000000042e-02
1.250000000000000069e-02 1.250000000000000069e-02 1.250000000000000069e-02 1.250000000000000069e-02 5.124999999999999556e-01 1.250000000000000069e-02 1.250000000000000069e-02 2.625000000000000111e-01 1.250000000000000069e-02 1.375000000000000111e-01
5.461538461538462119e-01 7.692307692307693602e-03 7.692307692307693602e-03 7.692307692307693602e-03 7.692307692307693602e-03 7.692307692307693602e-03 7.692307692307693602e-03 7.692307692307693602e-03 3.923076923076923572e-01 7.692307692307693602e-03
1.666666666666666644e-02 1.666666666666666644e-02 1.833333333333333481e-01 1.666666666666666644e-02 1.833333333333333481e-01 3.500000000000000333e-01 1.666666666666666644e-02 1.666666666666666644e-02 1.666666666666666644e-02 1.833333333333333481e-01
4.999999999999998890e-02 4.999999999999998890e-02 4.999999999999998890e-02 5.499999999999999334e-01 4.999999999999998890e-02 4.999999999999998890e-02 4.999999999999998890e-02 4.999999999999998890e-02 4.999999999999998890e-02 4.999999999999998890e-02
1.428571428571428874e-02 1.571428571428571674e-01 7.285714285714286476e-01 1.428571428571428874e-02 1.428571428571428874e-02 1.428571428571428874e-02 1.428571428571428874e-02 1.428571428571428874e-02 1.428571428571428874e-02 1.428571428571428874e-02
8.333333333333334952e-03 8.333333333333334952e-03 3.416666666666666741e-01 8.333333333333334952e-03 8.333333333333334952e-03 8.333333333333334952e-03 8.333333333333334952e-03 5.083333333333334147e-01 8.333333333333334952e-03 9.166666666666668795e-02
4.636363636363636798e-01 9.090909090909092202e-03 9.090909090909092202e-03 9.090909090909092202e-03 9.090909090909092202e-03 9.090909090909092202e-03 9.090909090909092202e-03 4.636363636363636798e-01 9.090909090909092202e-03 9.090909090909092202e-03
6.875000000000001943e-02 6.250000000000001214e-03 6.250000000000001214e-03 6.250000000000001214e-03 3.812500000000000333e-01 6.250000000000001214e-03 6.250000000000001214e-03 6.250000000000001214e-03 5.062500000000000888e-01 6.250000000000001214e-03
2.000000000000000389e-02 2.000000000000000389e-02 2.000000000000000389e-02 2.000000000000000389e-02 8.200000000000000622e-01 2.000000000000000389e-02 2.000000000000000389e-02 2.000000000000000389e-02 2.000000000000000389e-02 2.000000000000000389e-02
4.583333333333333703e-02 2.124999999999999944e-01 4.583333333333333703e-02 2.124999999999999944e-01 8.750000000000000833e-02 4.166666666666666609e-03 1.291666666666666796e-01 2.124999999999999944e-01 4.166666666666666609e-03 4.583333333333333703e-02
4.347826086956521792e-03 1.782608695652173891e-01 4.347826086956521792e-03 4.347826086956521792e-03 4.347826086956521792e-03 3.086956521739130377e-01 9.130434782608695676e-02 4.347826086956521792e-03 3.956521739130434701e-01 4.347826086956521792e-03
2.000000000000000389e-02 2.000000000000000389e-02 2.000000000000000389e-02 2.000000000000000389e-02 8.200000000000000622e-01 2.000000000000000389e-02 2.000000000000000389e-02 2.000000000000000389e-02 2.000000000000000389e-02 2.000000000000000389e-02
4.999999999999998890e-02 4.999999999999998890e-02 4.999999999999998890e-02 4.999999999999998890e-02 5.499999999999999334e-01 4.999999999999998890e-02 4.999999999999998890e-02 4.999999999999998890e-02 4.999999999999998890e-02 4.999999999999998890e-02
1.250000000000000243e-02 1.250000000000000243e-02 6.375000000000000666e-01 2.625000000000000666e-01 1.250000000000000243e-02 1.250000000000000243e-02 1.250000000000000243e-02 1.250000000000000243e-02 1.250000000000000243e-02 1.250000000000000243e-02
4.761904761904762334e-03 4.761904761904762334e-03 1.476190476190476220e-01 2.428571428571428270e-01 4.761904761904762334e-03 4.761904761904762334e-03 4.761904761904762334e-03 5.761904761904761418e-01 4.761904761904762334e-03 4.761904761904762334e-03
7.750000000000000222e-01 2.500000000000000139e-02 2.500000000000000139e-02 2.500000000000000139e-02 2.500000000000000139e-02 2.500000000000000139e-02 2.500000000000000139e-02 2.500000000000000139e-02 2.500000000000000139e-02 2.500000000000000139e-02
8.500000000000000888e-01 1.666666666666666990e-02 1.666666666666666990e-02 1.666666666666666990e-02 1.666666666666666990e-02 1.666666666666666990e-02 1.666666666666666990e-02 1.666666666666666990e-02 1.666666666666666990e-02 1.666666666666666990e-02
1.111111111111111154e-02 1.111111111111111154e-02 1.111111111111111154e-02 1.111111111111111154e-02 1.111111111111111154e-02 1.222222222222222321e-01 1.111111111111111154e-02 1.111111111111111154e-02 1.111111111111111154e-02 7.888888888888888618e-01
7.692307692307693602e-03 7.692307692307693602e-03 7.692307692307693602e-03 7.692307692307693602e-03 8.461538461538463396e-02 7.692307692307693602e-03 8.538461538461539213e-01 7.692307692307693602e-03 7.692307692307693602e-03 7.692307692307693602e-03
1.428571428571428874e-02 1.428571428571428874e-02 1.428571428571428874e-02 1.428571428571428874e-02 1.428571428571428874e-02 8.714285714285714413e-01 1.428571428571428874e-02 1.428571428571428874e-02 1.428571428571428874e-02 1.428571428571428874e-02
5.000000000000000278e-02 5.000000000000000278e-02 5.000000000000000278e-02 5.000000000000000278e-02 5.000000000000000278e-02 5.000000000000000278e-02 5.000000000000000278e-02 5.000000000000000278e-02 5.000000000000000278e-02 5.500000000000000444e-01
1.250000000000000069e-02 1.250000000000000069e-02 1.250000000000000069e-02 1.250000000000000069e-02 1.250000000000000069e-02 1.250000000000000069e-02 2.625000000000000111e-01 2.625000000000000111e-01 3.875000000000000111e-01 1.250000000000000069e-02
5.263157894736841987e-03 1.631578947368421129e-01 5.263157894736841987e-03 5.263157894736841987e-03 5.263157894736841987e-03 1.631578947368421129e-01 5.263157894736841987e-03 2.684210526315789491e-01 3.736842105263157854e-01 5.263157894736841987e-03
3.333333333333333287e-02 3.333333333333333287e-02 3.333333333333333287e-02 3.333333333333333287e-02 3.333333333333333287e-02 3.333333333333333287e-02 3.666666666666666408e-01 3.333333333333333287e-02 3.666666666666666408e-01 3.333333333333333287e-02
3.333333333333333287e-02 3.333333333333333287e-02 3.333333333333333287e-02 3.333333333333333287e-02 3.333333333333333287e-02 3.666666666666666408e-01 3.333333333333333287e-02 3.666666666666666408e-01 3.333333333333333287e-02 3.333333333333333287e-02
1.428571428571428700e-02 4.428571428571428936e-01 1.428571428571428700e-02 4.428571428571428936e-01 1.428571428571428700e-02 1.428571428571428700e-02 1.428571428571428700e-02 1.428571428571428700e-02 1.428571428571428700e-02 1.428571428571428700e-02
4.999999999999998890e-02 4.999999999999998890e-02 4.999999999999998890e-02 4.999999999999998890e-02 4.999999999999998890e-02 4.999999999999998890e-02 4.999999999999998890e-02 5.499999999999999334e-01 4.999999999999998890e-02 4.999999999999998890e-02
2.500000000000000139e-02 2.500000000000000139e-02 2.750000000000000222e-01 2.500000000000000139e-02 2.500000000000000139e-02 2.500000000000000139e-02 2.500000000000000139e-02 2.500000000000000139e-02 2.750000000000000222e-01 2.750000000000000222e-01
1.111111111111111154e-02 1.111111111111111154e-02 1.111111111111111154e-02 1.111111111111111154e-02 4.555555555555554914e-01 1.111111111111111154e-02 1.111111111111111154e-02 1.111111111111111154e-02 1.111111111111111154e-02 4.555555555555554914e-01
5.882352941176470507e-03 5.882352941176470507e-03 5.882352941176470507e-03 5.882352941176470507e-03 5.882352941176470507e-03 4.176470588235293713e-01 5.882352941176470507e-03 2.999999999999999889e-01 2.411764705882352700e-01 5.882352941176470507e-03
1.666666666666666644e-02 3.500000000000000333e-01 1.666666666666666644e-02 5.166666666666667185e-01 1.666666666666666644e-02 1.666666666666666644e-02 1.666666666666666644e-02 1.666666666666666644e-02 1.666666666666666644e-02 1.666666666666666644e-02
1.250000000000000243e-02 1.250000000000000243e-02 8.875000000000000666e-01 1.250000000000000243e-02 1.250000000000000243e-02 1.250000000000000243e-02 1.250000000000000243e-02 1.250000000000000243e-02 1.250000000000000243e-02 1.250000000000000243e-02
4.999999999999998890e-02 4.999999999999998890e-02 4.999999999999998890e-02 4.999999999999998890e-02 4.999999999999998890e-02 4.999999999999998890e-02 5.499999999999999334e-01 4.999999999999998890e-02 4.999999999999998890e-02 4.999999999999998890e-02
6.999999999999999556e-01 3.333333333333333287e-02 3.333333333333333287e-02 3.333333333333333287e-02 3.333333333333333287e-02 3.333333333333333287e-02 3.333333333333333287e-02 3.333333333333333287e-02 3.333333333333333287e-02 3.333333333333333287e-02
1.666666666666666644e-02 1.666666666666666644e-02 5.166666666666667185e-01 3.500000000000000333e-01 1.666666666666666644e-02 1.666666666666666644e-02 1.666666666666666644e-02 1.666666666666666644e-02 1.666666666666666644e-02 1.666666666666666644e-02
1.428571428571428700e-02 1.428571428571428700e-02 1.571428571428571674e-01 1.428571428571428700e-02 2.999999999999999889e-01 1.571428571428571674e-01 2.999999999999999889e-01 1.428571428571428700e-02 1.428571428571428700e-02 1.428571428571428700e-02
1.000000000000000194e-02 1.100000000000000283e-01 1.000000000000000194e-02 7.100000000000000755e-01 1.000000000000000194e-02 1.000000000000000194e-02 1.000000000000000194e-02 1.000000000000000194e-02 1.000000000000000194e-02 1.100000000000000283e-01
2.500000000000000139e-02 2.500000000000000139e-02 2.500000000000000139e-02 2.500000000000000139e-02 2.500000000000000139e-02 2.500000000000000139e-02 5.250000000000000222e-01 2.500000000000000139e-02 2.500000000000000139e-02 2.750000000000000222e-01
2.772727272727272818e-01 4.545454545454546101e-03 4.545454545454546101e-03 4.545454545454546101e-03 3.227272727272726960e-01 4.545454545454546101e-03 4.545454545454546101e-03 3.681818181818181657e-01 4.545454545454546101e-03 4.545454545454546101e-03
3.333333333333333287e-02 3.333333333333333287e-02 3.333333333333333287e-02 3.333333333333333287e-02 3.333333333333333287e-02 6.999999999999999556e-01 3.333333333333333287e-02 3.333333333333333287e-02 3.333333333333333287e-02 3.333333333333333287e-02
1.428571428571428700e-02 1.428571428571428700e-02 1.428571428571428700e-02 1.428571428571428700e-02 4.428571428571428936e-01 1.428571428571428700e-02 1.428571428571428700e-02 1.428571428571428700e-02 1.428571428571428700e-02 4.428571428571428936e-01
5.249999999999999112e-01 2.499999999999999445e-02 2.499999999999999445e-02 2.499999999999999445e-02 2.499999999999999445e-02 2.749999999999999667e-01 2.499999999999999445e-02 2.499999999999999445e-02 2.499999999999999445e-02 2.499999999999999445e-02
1.000000000000000021e-02 1.000000000000000021e-02 1.000000000000000021e-02 6.099999999999999867e-01 1.000000000000000021e-02 1.000000000000000021e-02 1.000000000000000021e-02 3.099999999999999978e-01 1.000000000000000021e-02 1.000000000000000021e-02
6.250000000000001214e-03 6.250000000000001214e-03 6.250000000000001214e-03 6.250000000000001214e-03 1.312500000000000333e-01 6.250000000000001214e-03 6.250000000000001214e-03 7.562500000000000888e-01 6.250000000000001214e-03 6.875000000000001943e-02
5.882352941176469639e-03 5.882352941176469639e-03 5.882352941176469639e-03 5.882352941176469639e-03 5.882352941176469639e-03 9.470588235294116197e-01 5.882352941176469639e-03 5.882352941176469639e-03 5.882352941176469639e-03 5.882352941176469639e-03
5.555555555555555768e-03 5.555555555555555768e-03 5.555555555555555768e-03 5.555555555555555768e-03 1.166666666666666685e-01 5.555555555555555768e-03 5.555555555555555768e-03 2.833333333333333259e-01 1.722222222222222210e-01 3.944444444444444309e-01
1.250000000000000243e-02 8.875000000000000666e-01 1.250000000000000243e-02 1.250000000000000243e-02 1.250000000000000243e-02 1.250000000000000243e-02 1.250000000000000243e-02 1.250000000000000243e-02 1.250000000000000243e-02 1.250000000000000243e-02
1.428571428571428700e-02 2.999999999999999889e-01 1.428571428571428700e-02 1.428571428571428700e-02 2.999999999999999889e-01 2.999999999999999889e-01 1.428571428571428700e-02 1.428571428571428700e-02 1.428571428571428700e-02 1.428571428571428700e-02
2.749999999999999667e-01 2.499999999999999445e-02 2.499999999999999445e-02 2.499999999999999445e-02 2.499999999999999445e-02 2.499999999999999445e-02 2.749999999999999667e-01 2.749999999999999667e-01 2.499999999999999445e-02 2.499999999999999445e-02
1.250000000000000069e-02 1.250000000000000069e-02 1.250000000000000069e-02 1.250000000000000069e-02 1.250000000000000069e-02 1.250000000000000069e-02 1.250000000000000069e-02 6.374999999999999556e-01 2.625000000000000111e-01 1.250000000000000069e-02
1.250000000000000069e-02 6.374999999999999556e-01 1.250000000000000069e-02 1.250000000000000069e-02 1.250000000000000069e-02 1.375000000000000111e-01 1.250000000000000069e-02 1.250000000000000069e-02 1.250000000000000069e-02 1.375000000000000111e-01
1.428571428571428700e-02 1.428571428571428700e-02 1.428571428571428700e-02 1.428571428571428700e-02 1.428571428571428700e-02 2.999999999999999889e-01 1.428571428571428700e-02 2.999999999999999889e-01 1.428571428571428700e-02 2.999999999999999889e-01
1.250000000000000069e-02 1.250000000000000069e-02 1.250000000000000069e-02 1.250000000000000069e-02 1.250000000000000069e-02 1.250000000000000069e-02 1.250000000000000069e-02 2.625000000000000111e-01 6.374999999999999556e-01 1.250000000000000069e-02
1.000000000000000194e-02 1.000000000000000194e-02 1.000000000000000194e-02 1.000000000000000194e-02 1.000000000000000194e-02 1.000000000000000194e-02 1.000000000000000194e-02 9.100000000000001421e-01 1.000000000000000194e-02 1.000000000000000194e-02
4.347826086956521792e-03 4.347826086956521792e-03 4.347826086956521792e-03 4.347826086956521792e-03 4.347826086956521792e-03 9.130434782608695676e-02 4.347826086956521792e-03 3.956521739130434701e-01 4.826086956521739024e-01 4.347826086956521792e-03
1.111111111111111154e-02 1.222222222222222321e-01 1.111111111111111154e-02 4.555555555555554914e-01 1.111111111111111154e-02 3.444444444444444420e-01 1.111111111111111154e-02 1.111111111111111154e-02 1.111111111111111154e-02 1.111111111111111154e-02
8.333333333333333218e-03 8.333333333333333218e-03 8.333333333333333218e-03 1.750000000000000167e-01 9.166666666666667407e-02 8.333333333333333218e-03 8.333333333333333218e-03 8.333333333333333218e-03 6.749999999999999334e-01 8.333333333333333218e-03
1.428571428571428700e-02 2.999999999999999889e-01 2.999999999999999889e-01 1.428571428571428700e-02 1.428571428571428700e-02 1.428571428571428700e-02 1.428571428571428700e-02 1.428571428571428700e-02 2.999999999999999889e-01 1.428571428571428700e-02
7.142857142857144369e-03 7.142857142857144369e-03 7.142857142857144369e-03 7.857142857142858372e-02 7.142857142857144369e-03 8.642857142857143238e-01 7.142857142857144369e-03 7.142857142857144369e-03 7.142857142857144369e-03 7.142857142857144369e-03
2.000000000000000389e-02 8.200000000000000622e-01 2.000000000000000389e-02 2.000000000000000389e-02 2.000000000000000389e-02 2.000000000000000389e-02 2.000000000000000389e-02 2.000000000000000389e-02 2.000000000000000389e-02 2.000000000000000389e-02
9.090909090909092202e-03 1.000000000000000194e-01 1.000000000000000194e-01 9.090909090909092202e-03 9.090909090909092202e-03 9.090909090909092202e-03 9.090909090909092202e-03 7.363636363636364424e-01 9.090909090909092202e-03 9.090909090909092202e-03
1.428571428571428874e-02 1.428571428571428874e-02 1.428571428571428874e-02 8.714285714285714413e-01 1.428571428571428874e-02 1.428571428571428874e-02 1.428571428571428874e-02 1.428571428571428874e-02 1.428571428571428874e-02 1.428571428571428874e-02
1.500000000000000222e-01 7.142857142857144369e-03 7.142857142857144369e-03 7.142857142857144369e-03 3.642857142857143238e-01 7.142857142857144369e-03 7.142857142857144369e-03 4.357142857142857206e-01 7.142857142857144369e-03 7.142857142857144369e-03
7.692307692307693602e-03 7.692307692307693602e-03 7.692307692307693602e-03 7.692307692307693602e-03 6.230769230769230838e-01 7.692307692307693602e-03 7.692307692307693602e-03 3.153846153846153744e-01 7.692307692307693602e-03 7.692307692307693602e-03
2.333333333333333370e-01 1.111111111111111154e-02 2.333333333333333370e-01 1.111111111111111154e-02 1.111111111111111154e-02 1.111111111111111154e-02 1.222222222222222321e-01 1.111111111111111154e-02 3.444444444444444420e-01 1.111111111111111154e-02
5.263157894736841987e-03 5.263157894736841987e-03 5.263157894736841987e-03 5.789473684210526966e-02 1.105263157894736947e-01 1.631578947368421129e-01 5.263157894736841987e-03 5.263157894736841987e-03 4.789473684210526216e-01 1.631578947368421129e-01
1.666666666666666644e-02 1.666666666666666644e-02 1.666666666666666644e-02 1.666666666666666644e-02 1.666666666666666644e-02 1.833333333333333481e-01 1.666666666666666644e-02 3.500000000000000333e-01 3.500000000000000333e-01 1.666666666666666644e-02
2.564102564102564100e-03 2.564102564102564100e-03 2.564102564102564100e-03 2.589743589743589425e-01 2.564102564102564100e-03 2.564102564102564100e-03 2.564102564102564100e-03 5.410256410256411019e-01 2.564102564102564100e-03 1.820512820512820429e-01
1.000000000000000021e-02 1.100000000000000144e-01 1.000000000000000021e-02 6.099999999999999867e-01 1.000000000000000021e-02 2.100000000000000200e-01 1.000000000000000021e-02 1.000000000000000021e-02 1.000000000000000021e-02 1.000000000000000021e-02
1.111111111111111154e-02 1.111111111111111154e-02 6.777777777777777013e-01 1.111111111111111154e-02 1.111111111111111154e-02 1.111111111111111154e-02 1.111111111111111154e-02 1.111111111111111154e-02 2.333333333333333370e-01 1.111111111111111154e-02
2.500000000000000139e-02 2.500000000000000139e-02 2.500000000000000139e-02 2.500000000000000139e-02 2.500000000000000139e-02 2.500000000000000139e-02 7.750000000000000222e-01 2.500000000000000139e-02 2.500000000000000139e-02 2.500000000000000139e-02
3.333333333333333287e-02 3.333333333333333287e-02 6.999999999999999556e-01 3.333333333333333287e-02 3.333333333333333287e-02 3.333333333333333287e-02 3.333333333333333287e-02 3.333333333333333287e-02 3.333333333333333287e-02 3.333333333333333287e-02
3.227272727272726960e-01 4.545454545454546101e-03 4.545454545454546101e-03 4.545454545454546101e-03 4.545454545454546101e-03 2.772727272727272818e-01 4.545454545454546101e-03 3.681818181818181657e-01 4.545454545454546101e-03 4.545454545454546101e-03
1.111111111111111154e-02 2.333333333333333370e-01 1.111111111111111154e-02 1.111111111111111154e-02 1.111111111111111154e-02 4.555555555555554914e-01 1.111111111111111154e-02 1.222222222222222321e-01 1.222222222222222321e-01 1.111111111111111154e-02
8.333333333333334952e-03 8.333333333333334952e-03 8.333333333333334952e-03 8.333333333333334952e-03 8.333333333333334952e-03 8.333333333333334952e-03 9.250000000000001554e-01 8.333333333333334952e-03 8.333333333333334952e-03 8.333333333333334952e-03
1.111111111111111154e-02 1.111111111111111154e-02 4.555555555555554914e-01 1.111111111111111154e-02 1.111111111111111154e-02 1.111111111111111154e-02 1.222222222222222321e-01 1.111111111111111154e-02 1.111111111111111154e-02 3.444444444444444420e-01
5.000000000000000278e-02 5.000000000000000278e-02 5.000000000000000278e-02 5.000000000000000278e-02 5.000000000000000278e-02 5.000000000000000278e-02 5.000000000000000278e-02 5.000000000000000278e-02 5.000000000000000278e-02 5.500000000000000444e-01
3.703703703703703845e-03 5.222222222222222543e-01 3.703703703703703845e-03 3.703703703703703845e-03 3.703703703703703845e-03 3.370370370370370239e-01 3.703703703703703845e-03 3.703703703703703845e-03 3.703703703703703845e-03 1.148148148148148140e-01
4.999999999999998890e-02 4.999999999999998890e-02 4.999999999999998890e-02 4.999999999999998890e-02 4.999999999999998890e-02 4.999999999999998890e-02 5.499999999999999334e-01 4.999999999999998890e-02 4.999999999999998890e-02 4.999999999999998890e-02
2.500000000000000139e-02 2.500000000000000139e-02 2.500000000000000139e-02 2.500000000000000139e-02 2.500000000000000139e-02 2.500000000000000139e-02 2.500000000000000139e-02 2.500000000000000139e-02 5.250000000000000222e-01 2.750000000000000222e-01
2.200000000000000289e-01 2.000000000000000042e-02 2.200000000000000289e-01 2.000000000000000042e-02 2.000000000000000042e-02 2.000000000000000042e-02 2.000000000000000042e-02 2.000000000000000042e-02 2.000000000000000042e-02 4.200000000000000400e-01
7.692307692307692735e-03 8.461538461538462008e-02 1.615384615384615474e-01 7.692307692307692735e-03 7.692307692307692735e-03 7.692307692307692735e-03 7.692307692307692735e-03 7.692307692307692735e-03 1.615384615384615474e-01 5.461538461538461009e-01
1.222222222222222598e-01 1.111111111111111327e-02 1.111111111111111327e-02 1.111111111111111327e-02 1.111111111111111327e-02 1.111111111111111327e-02 7.888888888888889728e-01 1.111111111111111327e-02 1.111111111111111327e-02 1.111111111111111327e-02
1.428571428571428700e-02 1.428571428571428700e-02 1.428571428571428700e-02 1.571428571428571674e-01 1.428571428571428700e-02 1.428571428571428700e-02 1.428571428571428700e-02 1.571428571428571674e-01 5.857142857142856318e-01 1.428571428571428700e-02
3.333333333333333287e-02 3.333333333333333287e-02 3.333333333333333287e-02 6.999999999999999556e-01 3.333333333333333287e-02 3.333333333333333287e-02 3.333333333333333287e-02 3.333333333333333287e-02 3.333333333333333287e-02 3.333333333333333287e-02
2.100000000000000200e-01 1.000000000000000021e-02 1.000000000000000021e-02 1.000000000000000021e-02 1.000000000000000021e-02 1.100000000000000144e-01 1.000000000000000021e-02 3.099999999999999978e-01 1.000000000000000021e-02 3.099999999999999978e-01
3.333333333333333287e-02 3.666666666666666408e-01 3.333333333333333287e-02 3.333333333333333287e-02 3.333333333333333287e-02 3.333333333333333287e-02 3.333333333333333287e-02 3.333333333333333287e-02 3.666666666666666408e-01 3.333333333333333287e-02
2.499999999999999445e-02 2.499999999999999445e-02 2.499999999999999445e-02 2.749999999999999667e-01 2.499999999999999445e-02 2.499999999999999445e-02 5.249999999999999112e-01 2.499999999999999445e-02 2.499999999999999445e-02 2.499999999999999445e-02
5.166666666666667185e-01 1.666666666666666644e-02 1.666666666666666644e-02 1.666666666666666644e-02 1.666666666666666644e-02 1.833333333333333481e-01 1.666666666666666644e-02 1.833333333333333481e-01 1.666666666666666644e-02 1.666666666666666644e-02
3.333333333333333287e-02 3.333333333333333287e-02 3.333333333333333287e-02 3.333333333333333287e-02 3.333333333333333287e-02 3.333333333333333287e-02 3.333333333333333287e-02 6.999999999999999556e-01 3.333333333333333287e-02 3.333333333333333287e-02
1.428571428571428700e-02 1.571428571428571674e-01 1.428571428571428700e-02 1.428571428571428700e-02 1.428571428571428700e-02 1.571428571428571674e-01 1.428571428571428700e-02 2.999999999999999889e-01 2.999999999999999889e-01 1.428571428571428700e-02
3.333333333333333287e-02 3.333333333333333287e-02 3.333333333333333287e-02 3.333333333333333287e-02 3.666666666666666408e-01 3.333333333333333287e-02 3.333333333333333287e-02 3.666666666666666408e-01 3.333333333333333287e-02 3.333333333333333287e-02
6.999999999999999556e-01 3.333333333333333287e-02 3.333333333333333287e-02 3.333333333333333287e-02 3.333333333333333287e-02 3.333333333333333287e-02 3.333333333333333287e-02 3.333333333333333287e-02 3.333333333333333287e-02 3.333333333333333287e-02
2.500000000000000139e-02 2.500000000000000139e-02 2.500000000000000139e-02 2.500000000000000139e-02 2.500000000000000139e-02 2.500000000000000139e-02 2.500000000000000139e-02 2.500000000000000139e-02 2.500000000000000139e-02 7.750000000000000222e-01
2.499999999999999445e-02 2.499999999999999445e-02 2.499999999999999445e-02 2.749999999999999667e-01 5.249999999999999112e-01 2.499999999999999445e-02 2.499999999999999445e-02 2.499999999999999445e-02 2.499999999999999445e-02 2.499999999999999445e-02
6.199999999999999956e-01 2.000000000000000042e-02 2.000000000000000042e-02 2.000000000000000042e-02 2.200000000000000289e-01 2.000000000000000042e-02 2.000000000000000042e-02 2.000000000000000042e-02 2.000000000000000042e-02 2.000000000000000042e-02
5.499999999999999334e-01 5.000000000000000278e-02 5.000000000000000278e-02 4.545454545454546101e-03 4.545454545454546101e-03 4.545454545454546101e-03 4.545454545454546101e-03 1.863636363636363424e-01 1.409090909090909005e-01 4.545454545454546101e-03
2.500000000000000139e-02 2.500000000000000139e-02 7.750000000000000222e-01 2.500000000000000139e-02 2.500000000000000139e-02 2.500000000000000139e-02 2.500000000000000139e-02 2.500000000000000139e-02 2.500000000000000139e-02 2.500000000000000139e-02
1.428571428571428700e-02 1.428571428571428700e-02 1.428571428571428700e-02 1.428571428571428700e-02 4.428571428571428936e-01 1.428571428571428700e-02 1.428571428571428700e-02 1.428571428571428700e-02 1.428571428571428700e-02 4.428571428571428936e-01
4.999999999999998890e-02 4.999999999999998890e-02 4.999999999999998890e-02 4.999999999999998890e-02 4.999999999999998890e-02 4.999999999999998890e-02 5.499999999999999334e-01 4.999999999999998890e-02 4.999999999999998890e-02 4.999999999999998890e-02
8.461538461538463396e-02 7.692307692307693602e-03 7.692307692307693602e-03 7.692307692307693602e-03 7.692307692307693602e-03 3.923076923076923572e-01 7.692307692307693602e-03 4.692307692307692846e-01 7.692307692307693602e-03 7.692307692307693602e-03
3.333333333333333287e-02 3.333333333333333287e-02 3.333333333333333287e-02 3.333333333333333287e-02 3.666666666666666408e-01 3.333333333333333287e-02 3.333333333333333287e-02 3.666666666666666408e-01 3.333333333333333287e-02 3.333333333333333287e-02
3.333333333333333287e-02 3.666666666666666408e-01 3.333333333333333287e-02 3.333333333333333287e-02 3.666666666666666408e-01 3.333333333333333287e-02 3.333333333333333287e-02 3.333333333333333287e-02 3.333333333333333287e-02 3.333333333333333287e-02
2.000000000000000389e-02 2.000000000000000389e-02 2.000000000000000389e-02 2.000000000000000389e-02 8.200000000000000622e-01 2.000000000000000389e-02 2.000000000000000389e-02 2.000000000000000389e-02 2.000000000000000389e-02 2.000000000000000389e-02
6.833333333333333481e-01 1.666666666666666990e-02 1.666666666666666990e-02 1.666666666666666990e-02 1.666666666666666990e-02 1.666666666666666990e-02 1.666666666666666990e-02 1.833333333333333759e-01 1.666666666666666990e-02 1.666666666666666990e-02
6.666666666666667962e-03 6.666666666666667962e-03 6.666666666666667962e-03 6.666666666666667962e-03 6.666666666666667962e-03 6.666666666666667962e-03 6.666666666666667962e-03 4.733333333333333837e-01 4.733333333333333837e-01 6.666666666666667962e-03
1.111111111111111154e-02 1.222222222222222321e-01 1.222222222222222321e-01 1.111111111111111154e-02 1.111111111111111154e-02 1.111111111111111154e-02 3.444444444444444420e-01 1.111111111111111154e-02 3.444444444444444420e-01 1.111111111111111154e-02
2.500000000000000139e-02 2.500000000000000139e-02 2.500000000000000139e-02 2.500000000000000139e-02 2.500000000000000139e-02 2.500000000000000139e-02 7.750000000000000222e-01 2.500000000000000139e-02 2.500000000000000139e-02 2.500000000000000139e-02
2.500000000000000139e-02 2.500000000000000139e-02 2.500000000000000139e-02 2.500000000000000139e-02 2.500000000000000139e-02 2.750000000000000222e-01 2.500000000000000139e-02 2.500000000000000139e-02 2.750000000000000222e-01 2.750000000000000222e-01
4.999999999999998890e-02 4.999999999999998890e-02 4.999999999999998890e-02 4.999999999999998890e-02 5.499999999999999334e-01 4.999999999999998890e-02 4.999999999999998890e-02 4.999999999999998890e-02 4.999999999999998890e-02 4.999999999999998890e-02
4.999999999999998890e-02 4.999999999999998890e-02 4.999999999999998890e-02 4.999999999999998890e-02 4.999999999999998890e-02 5.499999999999999334e-01 4.999999999999998890e-02 4.999999999999998890e-02 4.999999999999998890e-02 4.999999999999998890e-02
2.000000000000000042e-02 2.000000000000000042e-02 2.000000000000000042e-02 2.000000000000000042e-02 2.000000000000000042e-02 2.200000000000000289e-01 6.199999999999999956e-01 2.000000000000000042e-02 2.000000000000000042e-02 2.000000000000000042e-02
7.142857142857143501e-03 1.499999999999999944e-01 7.142857142857143501e-03 2.214285714285714468e-01 7.142857142857143501e-03 7.142857142857143501e-03 7.142857142857143501e-03 7.142857142857143501e-03 5.071428571428571175e-01 7.857142857142858372e-02
2.500000000000000139e-02 2.500000000000000139e-02 2.500000000000000139e-02 2.500000000000000139e-02 2.500000000000000139e-02 2.500000000000000139e-02 2.500000000000000139e-02 7.750000000000000222e-01 2.500000000000000139e-02 2.500000000000000139e-02
1.500000000000000222e-01 7.142857142857144369e-03 7.142857142857144369e-03 7.142857142857144369e-03 5.785714285714286254e-01 7.142857142857144369e-03 7.142857142857144369e-03 2.214285714285714746e-01 7.142857142857144369e-03 7.142857142857144369e-03
1.666666666666666644e-02 1.833333333333333481e-01 1.666666666666666644e-02 1.666666666666666644e-02 1.666666666666666644e-02 1.666666666666666644e-02 1.666666666666666644e-02 1.833333333333333481e-01 3.500000000000000333e-01 1.833333333333333481e-01
2.500000000000000139e-02 2.500000000000000139e-02 2.500000000000000139e-02 2.500000000000000139e-02 2.500000000000000139e-02 2.500000000000000139e-02 2.750000000000000222e-01 5.250000000000000222e-01 2.500000000000000139e-02 2.500000000000000139e-02
1.666666666666666990e-02 1.666666666666666990e-02 8.500000000000000888e-01 1.666666666666666990e-02 1.666666666666666990e-02 1.666666666666666990e-02 1.666666666666666990e-02 1.666666666666666990e-02 1.666666666666666990e-02 1.666666666666666990e-02
1.428571428571428700e-02 1.428571428571428700e-02 1.428571428571428700e-02 4.428571428571428936e-01 4.428571428571428936e-01 1.428571428571428700e-02 1.428571428571428700e-02 1.428571428571428700e-02 1.428571428571428700e-02 1.428571428571428700e-02
5.166666666666667185e-01 1.666666666666666644e-02 1.666666666666666644e-02 1.666666666666666644e-02 3.500000000000000333e-01 1.666666666666666644e-02 1.666666666666666644e-02 1.666666666666666644e-02 1.666666666666666644e-02 1.666666666666666644e-02
5.000000000000000278e-02 5.000000000000000278e-02 5.000000000000000278e-02 5.000000000000000278e-02 5.000000000000000278e-02 5.000000000000000278e-02 5.000000000000000278e-02 5.000000000000000278e-02 5.000000000000000278e-02 5.500000000000000444e-01
1.909090909090909449e-01 9.090909090909092202e-03 9.090909090909092202e-03 9.090909090909092202e-03 9.090909090909092202e-03 7.363636363636364424e-01 9.090909090909092202e-03 9.090909090909092202e-03 9.090909090909092202e-03 9.090909090909092202e-03
1.250000000000000069e-02 1.250000000000000069e-02 1.250000000000000069e-02 1.250000000000000069e-02 1.250000000000000069e-02 1.250000000000000069e-02 1.250000000000000069e-02 1.250000000000000069e-02 1.250000000000000069e-02 8.874999999999999556e-01
9.999999999999999167e-02 8.619047619047618403e-01 4.761904761904761467e-03 4.761904761904761467e-03 4.761904761904761467e-03 4.761904761904761467e-03 4.761904761904761467e-03 4.761904761904761467e-03 4.761904761904761467e-03 4.761904761904761467e-03
1.111111111111111154e-02 6.777777777777777013e-01 1.111111111111111154e-02 1.111111111111111154e-02 1.111111111111111154e-02 2.333333333333333370e-01 1.111111111111111154e-02 1.111111111111111154e-02 1.111111111111111154e-02 1.111111111111111154e-02
3.666666666666666408e-01 3.333333333333333287e-02 3.333333333333333287e-02 3.333333333333333287e-02 3.333333333333333287e-02 3.666666666666666408e-01 3.333333333333333287e-02 3.333333333333333287e-02 3.333333333333333287e-02 3.333333333333333287e-02
1.428571428571428874e-02 1.428571428571428874e-02 1.428571428571428874e-02 1.428571428571428874e-02 1.428571428571428874e-02 1.428571428571428874e-02 8.714285714285714413e-01 1.428571428571428874e-02 1.428571428571428874e-02 1.428571428571428874e-02
1.000000000000000021e-02 1.000000000000000021e-02 1.000000000000000021e-02 6.099999999999999867e-01 1.000000000000000021e-02 3.099999999999999978e-01 1.000000000000000021e-02 1.000000000000000021e-02 1.000000000000000021e-02 1.000000000000000021e-02
3.333333333333333287e-02 3.333333333333333287e-02 3.333333333333333287e-02 3.333333333333333287e-02 3.666666666666666408e-01 3.333333333333333287e-02 3.333333333333333287e-02 3.333333333333333287e-02 3.666666666666666408e-01 3.333333333333333287e-02
1.000000000000000021e-02 1.000000000000000021e-02 1.000000000000000021e-02 6.099999999999999867e-01 1.000000000000000021e-02 1.100000000000000144e-01 1.100000000000000144e-01 1.000000000000000021e-02 1.100000000000000144e-01 1.000000000000000021e-02
